date,Close,High,Low,Open,Volume,stockname
2018-01-02,141.6703643798828,141.71519667409777,140.36134894653637,140.46893550793598,1897600,DE
2018-01-03,142.3158721923828,142.64762013413747,141.33859137786254,141.56273910674656,1392300,DE
2018-01-04,143.13180541992188,143.54424335347755,141.0786177808787,142.7373031393629,1747000,DE
2018-01-05,143.74151611328125,143.87599932874667,140.39722089247505,143.27528483150644,1574400,DE
2018-01-08,144.44979858398438,144.51255284948925,142.46832615224224,143.49941416800576,2711800,DE
2018-01-09,148.47552490234375,148.8162202936776,144.81743075294077,145.25675173461013,4345200,DE
2018-01-10,147.8837127685547,151.02178107841672,147.1305796576019,149.49757920694788,5473700,DE
2018-01-11,150.1431427001953,150.22383261098395,146.83471954892448,148.054083919674,1958200,DE
2018-01-12,151.7928924560547,153.0750113015071,150.59146353495328,151.030784465906,2316500,DE
2018-01-16,150.21490478515625,152.9674467236632,149.15693358697823,152.55500869397986,2046100,DE
2018-01-17,150.11622619628906,151.20110733768442,149.18377756573784,151.16524971688722,1960400,DE
2018-01-18,150.53768920898438,151.030817210648,149.06727987368666,149.69490479265795,2185900,DE
2018-01-19,152.7074432373047,152.7074432373047,150.70803470354963,151.10253708116764,1613900,DE
2018-01-22,152.76123046875,152.77915244455033,151.27288562346797,152.42052139597766,1401000,DE
2018-01-23,151.2190704345703,152.50118924439258,151.01284461465417,152.33083473267732,1365000,DE
2018-01-24,152.06185913085938,152.8060177198357,150.68110114742333,152.1604847011048,1448700,DE
2018-01-25,151.6404266357422,153.6756781733399,149.6499936994188,153.3170472777953,1651300,DE
2018-01-26,153.75640869140625,154.17780759198982,151.6494141884884,151.97218752338443,1554500,DE
2018-01-29,151.68531799316406,154.1688798627752,151.3087512679538,153.75645550316796,1487600,DE
2018-01-30,151.08457946777344,151.88254509530276,149.56935181887997,150.4031750751191,1712700,DE
2018-01-31,149.210693359375,152.9405157222544,148.9775845920306,151.9004667339889,1969800,DE
2018-02-01,150.4928436279297,150.9769968731789,147.2740707104692,148.82518339067676,1721300,DE
2018-02-02,147.90170288085938,150.56456638365535,147.6865160495367,149.4259053135945,2568700,DE
2018-02-05,140.78273010253906,148.8879071519681,140.73789781398742,146.23400531279225,3549600,DE
2018-02-06,145.14015197753906,145.48084724636226,135.78870095771518,138.0301784039663,3377400,DE
2018-02-07,144.74563598632812,147.18436431028957,144.27044390740613,144.50355261451594,2378800,DE
2018-02-08,137.77017211914062,144.54839768236553,137.7253398343367,144.53046203226546,3051300,DE
2018-02-09,138.90892028808594,140.8993545950922,133.233507896945,139.33929407617998,3895300,DE
2018-02-12,142.7462921142578,143.77736653015302,139.7875383943942,140.5317107380587,2343100,DE
2018-02-13,144.62020874023438,144.89814991062858,141.26695167341677,141.67938977461156,1795900,DE
2018-02-14,146.3954315185547,147.8299831213698,143.23942620090023,143.41875541192562,2854000,DE
2018-02-15,149.56036376953125,150.10728490446962,146.13539277700002,147.93753601791428,3026200,DE
2018-02-16,151.91844177246094,157.13659635796927,145.25676087354054,148.61897846347318,6626900,DE
2018-02-20,147.73135375976562,152.38466484069264,146.72716219104782,151.55978879752877,3750400,DE
2018-02-21,145.3284454345703,149.53345980493944,145.2208588824413,147.7582132903396,2753300,DE
2018-02-22,147.18441772460938,148.65482677583574,145.92918181006726,146.14436862764782,1908800,DE
2018-02-23,149.04933166503906,149.0672536394735,146.02780990345437,147.9554892650891,2038800,DE
2018-02-26,150.1431427001953,150.90523688135525,148.5023794430247,149.7755370876333,1770000,DE
2018-02-27,146.66436767578125,150.2058996372097,146.66436767578125,150.2058996372097,2281800,DE
2018-02-28,144.234619140625,147.86581616567076,144.234619140625,146.96922498323457,2781400,DE
2018-03-01,140.59446716308594,146.00988579872788,139.6351216707706,144.1270387624432,3697000,DE
2018-03-02,137.45635986328125,140.10130049709858,136.08457676924633,139.46472856765362,4169500,DE
2018-03-05,141.2489776611328,141.87660247265538,135.42113461222633,136.76602146966627,3093400,DE
2018-03-06,142.11866760253906,143.06906577595873,141.17725777787837,142.19937120882392,2394000,DE
2018-03-07,141.57171630859375,141.94829657544287,138.95367217702432,139.90405646742155,2589100,DE
2018-03-08,144.40496826171875,144.66498735621695,139.6171748097149,141.3834604676275,3508000,DE
2018-03-09,150.56454467773438,150.6362736111679,145.00568230514014,145.2477657453664,3828000,DE
2018-03-12,147.06787109375,150.6721719810169,145.9650676160339,150.59148204674693,2260900,DE
2018-03-13,144.6381072998047,149.1120888902838,144.05531477762645,147.9016989089538,2732300,DE
2018-03-14,143.64288330078125,145.69607114532727,142.46833732759544,145.6243422070559,2243000,DE
2018-03-15,143.0959930419922,144.96089111649047,142.69251596690742,144.27948657699682,1320700,DE
2018-03-16,146.93338012695312,147.02303104445176,142.88974478692057,143.20355720040806,3818700,DE
2018-03-19,143.03318786621094,146.08159236355326,141.5089856175398,145.83054793110836,2798600,DE
2018-03-20,143.44561767578125,145.2925931871091,142.7193673793542,143.63389414897384,1499400,DE
2018-03-21,141.7062225341797,143.8490746621557,139.62612466756335,142.45935575586046,2901100,DE
2018-03-22,135.9052734375,140.1999385612096,135.5735391258198,137.84191339513876,3768800,DE
2018-03-23,132.69549560546875,137.83295927359725,132.3368646032177,136.0666735416744,2940600,DE
2018-03-26,137.48329162597656,137.7881293512298,133.50242450030632,135.734941518323,2463800,DE
2018-03-27,136.42529296875,140.75582923966442,135.29557952709817,138.29020393317995,2691400,DE
2018-03-28,136.3533477783203,138.28865906921095,133.93196641600943,136.3533477783203,2655000,DE
2018-03-29,139.809814453125,140.26888111556732,136.3892781633052,137.1813923807516,3526700,DE
2018-04-02,136.65936279296875,139.4137910391249,134.38199426693697,138.96372070517634,2150600,DE
2018-04-03,137.7575225830078,137.91055858430155,134.8050622737184,137.44248158842203,1957400,DE
2018-04-04,133.73391723632812,134.26499698009508,129.23321350598215,130.80845981160323,4478100,DE
2018-04-05,136.227294921875,137.9285603539222,134.40001033690052,134.94909673216748,2963400,DE
2018-04-06,130.87142944335938,134.8410524266015,128.7470972701666,134.41798528407614,3294000,DE
2018-04-09,128.6841278076172,132.7167545263196,128.47708554564355,132.02364230222676,3629600,DE
2018-04-10,133.2298126220703,134.56203067291278,130.9164582944908,131.465544640229,2597400,DE
2018-04-11,129.9892578125,131.58249617818709,129.8452320749649,130.7633789829382,2309000,DE
2018-04-12,135.25514221191406,136.08327004183846,131.10549286448418,131.10549286448418,3258100,DE
2018-04-13,135.00308227539062,136.82137011883808,134.10294168250354,136.5603353903252,2634900,DE
2018-04-16,134.1029510498047,136.17327730507162,133.48185179971898,136.0742612835354,2608100,DE
2018-04-17,134.25595092773438,136.956372444766,134.25595092773438,135.64217499810758,1957800,DE
2018-04-18,134.81407165527344,136.5603467483245,134.49002046547986,135.55217986060197,2022000,DE
2018-04-19,133.31082153320312,135.48916002554225,131.87059115287,134.86806084571177,2290300,DE
2018-04-20,132.28469848632812,134.90409778508723,131.69060225978126,133.51788699153653,1896700,DE
2018-04-23,131.45655822753906,133.05882151020725,130.80846947872675,132.54573465420148,1245200,DE
2018-04-24,124.31842803955078,134.25597495747004,123.6883323198102,133.49986009378134,5467900,DE
2018-04-25,124.21939849853516,125.92966008529004,122.50913691178025,124.28241493117967,3067300,DE
2018-04-26,122.71617126464844,124.43544312973638,120.34879706020855,124.26441421587188,4071600,DE
2018-04-27,123.8233413696289,125.95667024174422,122.71617225391718,123.04921988777664,2602000,DE
2018-04-30,121.81603240966795,124.61547030236544,121.71701639153184,123.985374611979,2533400,DE
2018-05-01,121.85203552246094,122.61716056978204,118.98058464835496,121.3029491759856,2378800,DE
2018-05-02,121.29393768310548,124.11138196662068,121.1499119003896,121.88803373551744,2585000,DE
2018-05-03,123.20225524902344,123.69733538921334,118.15246528920106,122.41913722230495,3716900,DE
2018-05-04,123.58928680419922,124.44441748657188,121.653976591405,122.52711392863225,1934700,DE
2018-05-07,126.21772003173828,127.61294075297604,125.36258918164287,126.01968799465648,1840900,DE
2018-05-08,127.88298034667967,128.4500595791298,126.21771475943146,126.60476862070604,2189300,DE
2018-05-09,130.66444396972656,130.99749167597597,127.90100507552695,128.9091721279194,2332600,DE
2018-05-10,131.96961975097656,132.77074437099932,130.11533223059058,130.94345997100297,2413800,DE
2018-05-11,132.60870361328125,134.1209330440392,131.55552715286657,132.14962317283027,2487000,DE
2018-05-14,132.0956573486328,133.7789161850459,131.23151617025198,133.5358880675815,3483900,DE
2018-05-15,130.9974365234375,131.82556407616883,128.99912365715318,130.81741118328773,3135000,DE
2018-05-16,132.6357421875,132.86077737021714,131.07848883385603,131.07848883385603,1887400,DE
2018-05-17,132.14962768554688,133.31081664922465,130.8894364502149,132.59070148544023,4095700,DE
2018-05-18,139.74685668945312,141.41212263356013,131.51957047465834,131.87062483094934,7788800,DE
2018-05-21,142.519287109375,145.27371561669327,140.51197707545643,143.57245014246385,4922000,DE
2018-05-22,139.60281372070312,143.4914280220476,139.43178479517317,142.52827090882377,2462000,DE
2018-05-23,140.9440155029297,141.04303151742334,137.76652031289026,138.37860932244718,2005000,DE
2018-05-24,142.3842315673828,142.80729874239978,140.36792544140107,142.70828272835206,2426800,DE
2018-05-25,143.12232971191406,143.4733839335034,141.8351354777707,141.95214439493182,2096700,DE
2018-05-29,139.53076171875,143.02331094755098,138.18055108720975,141.35804567463023,3350500,DE
2018-05-30,139.59384155273438,140.55698509852175,138.81072342591986,140.22393738666898,2870600,DE
2018-05-31,134.58001708984375,139.58481039781833,134.53502104757774,139.44978106585344,4754600,DE
2018-06-01,138.07257080078125,138.657656716744,135.49816804744444,135.6511903064646,2655900,DE
2018-06-04,136.40728759765625,138.72965177452835,136.08323646285888,138.37859752308574,1737000,DE
2018-06-05,139.02670288085938,139.13472908489425,136.74035196543073,137.11840934191636,1872200,DE
2018-06-06,142.71728515625,142.72628161701724,139.32375147957487,139.6478026229053,2468100,DE
2018-06-07,142.8072967529297,144.3015334040857,141.92516283510182,142.61827492377986,2192300,DE
2018-06-08,141.43011474609375,142.77132945090156,140.46697125516974,142.33926572296642,1390300,DE
2018-06-11,141.0340118408203,141.9971688020662,139.87283659895323,141.20504073936337,1925100,DE
2018-06-12,141.8531494140625,142.76230018201906,140.91700926281135,140.91700926281135,2548600,DE
2018-06-13,138.02757263183594,142.14122225317584,137.6585116457745,142.14122225317584,2386100,DE
2018-06-14,135.18310546875,138.5316295191396,135.0300832186315,137.73050495378084,3072100,DE
2018-06-15,133.89593505859375,135.20113638442228,131.14150659214047,133.73391631824128,5991000,DE
2018-06-18,133.03176879882812,133.3468234923548,132.00560909841528,132.67171806484487,2947200,DE
2018-06-19,128.07203674316406,130.52042091007502,127.40592758148446,130.52042091007502,3752500,DE
2018-06-20,129.93531799316406,130.38538835166472,126.81182860636488,128.40506778621594,2609600,DE
2018-06-21,127.8290023803711,129.44925872350296,126.64982001636008,129.14321411842803,2784400,DE
2018-06-22,128.87310791015625,130.84441771363765,128.60306302535477,129.33217459978138,2315000,DE
2018-06-25,125.70462799072266,127.74795097732137,124.80448740006928,127.57692206748834,3705200,DE
2018-06-26,125.70462799072266,127.03684595412956,124.8675038342416,126.04668581038868,1832500,DE
2018-06-27,125.4616241455078,129.02617388113276,125.23658895439308,126.85683134237276,2433700,DE
2018-06-28,126.12199401855467,127.08088806173666,124.22230217924854,125.37115850466508,1619900,DE
2018-06-29,126.46573638916016,129.1072221590421,126.26671910893567,126.7461660649155,1906200,DE
2018-07-02,127.6959991455078,127.84978269235684,124.7288504457888,124.89167521184488,1867400,DE
2018-07-03,126.86376953125,128.4558939518554,126.52000990499825,128.27497291823502,1580700,DE
2018-07-05,126.37527465820312,127.54224092690195,124.90979625912078,127.15324756953876,3014900,DE
2018-07-06,126.62857818603516,126.9180629246532,124.74696879519428,126.58334447020208,2059600,DE
2018-07-09,130.64503479003906,131.86627559184436,126.98132618800946,127.43363555113936,2149800,DE
2018-07-10,130.76271057128906,132.3367391746159,130.07519113223248,131.47735367918895,1531900,DE
2018-07-11,127.93123626708984,128.96250152765947,127.26181313874402,128.60970061755387,2396600,DE
2018-07-12,127.370361328125,129.17054435154873,127.17134403859208,128.28402157305996,1681700,DE
2018-07-13,124.4574737548828,127.39748527051044,124.3670063407385,127.2798803928007,5103500,DE
2018-07-16,123.27242279052734,124.78313471455446,122.5034911952982,124.5027050608605,3726400,DE
2018-07-17,124.8374252319336,124.9369338766454,121.5536537598346,121.87931716040136,2704800,DE
2018-07-18,125.93201446533205,126.185306675835,124.27656007307958,124.65649838883404,2397700,DE
2018-07-19,126.91802978515624,127.82264865204492,124.97309093931256,125.17210819429914,2303400,DE
2018-07-20,124.08660125732422,125.91393571851034,123.57097554407096,124.9821791425226,2832100,DE
2018-07-23,122.60303497314452,123.77000143203358,122.3859214031809,123.48051667208206,2789900,DE
2018-07-24,126.5019302368164,128.4468695624135,122.4221031100075,123.81521043515946,5146300,DE
2018-07-25,127.84076690673828,128.88107326143117,123.16387441264608,126.26672483810395,4371300,DE
2018-07-26,129.11627197265625,130.45511809297736,127.8407696142808,128.4106702243154,3585300,DE
2018-07-27,127.370361328125,130.12945211174858,126.320999947568,130.12945211174858,2321400,DE
2018-07-30,125.01836395263672,129.01677894509248,124.70175553170814,128.17548975998744,2994500,DE
2018-07-31,130.97976684570312,131.8482070790288,126.6466483091872,126.77329440536082,4856500,DE
2018-08-01,128.37448120117188,131.13357181724763,127.7502919040313,129.90328946729534,2198500,DE
2018-08-02,128.53732299804688,130.2470525235207,126.96329461791056,127.4608240739723,1343200,DE
2018-08-03,129.68618774414062,130.26514338482642,128.46494650355135,128.5915926185954,1873700,DE
2018-08-06,130.20175170898438,131.0430542056577,129.1614458144778,129.3061881068881,1472900,DE
2018-08-07,132.1829376220703,133.32276651488704,130.72650032833155,130.72650032833155,1549900,DE
2018-08-08,130.9978790283203,132.3638625926035,130.4189234034544,132.01104792098792,2329000,DE
2018-08-09,126.4928970336914,130.22897852943106,125.42543926202605,129.85808136619352,3782500,DE
2018-08-10,123.9780502319336,126.03153945083994,122.9105925177518,125.7420547136408,2413100,DE
2018-08-13,123.85137939453124,124.2313176837408,122.67537204027929,123.93279178434987,2155200,DE
2018-08-14,125.42544555664062,126.3119823040016,124.36704275750326,124.46655142084404,2808800,DE
2018-08-15,122.75679779052734,124.31274360333268,120.1605456300003,124.16800124786457,2563100,DE
2018-08-16,124.24943542480467,124.94598217384473,123.35385757167823,124.33084782870938,2996000,DE
2018-08-17,127.18036651611328,128.80868327986428,119.69917822932229,121.381756114578,8811200,DE
2018-08-20,127.1260986328125,128.6096731434309,126.41145574314804,128.1030887451792,3509600,DE
2018-08-21,130.11135864257812,130.6179430982381,127.27989662021788,127.30703408724314,1945200,DE
2018-08-22,129.00770568847656,130.45510149254844,128.9715270049,130.03897071277623,1277900,DE
2018-08-23,127.714111328125,128.73633527551013,126.556200044092,128.64588165220866,1414700,DE
2018-08-24,130.9526824951172,131.03410872120287,127.80461125385123,128.29311339678594,1945400,DE
2018-08-27,132.25526428222656,133.23225423142603,131.40492041143884,131.40492041143884,1902500,DE
2018-08-28,132.52670288085938,134.33594114544448,131.8663347792357,133.1056585733909,1535200,DE
2018-08-29,132.0653839111328,132.97000326137535,131.77589909342518,132.85239832875715,1687800,DE
2018-08-30,129.6499481201172,132.21906170546532,129.28809238764117,131.73961493789628,1491800,DE
2018-08-31,130.08421325683594,130.40987664470603,128.6277761337767,129.02581069710575,1181300,DE
2018-09-04,128.18450927734375,129.97565102873375,127.54223751855508,129.69522134784935,1698900,DE
2018-09-05,131.0612030029297,131.25116525993772,127.578414388286,127.578414388286,2232100,DE
2018-09-06,131.26023864746094,132.21007767216557,130.40989447380076,131.16072999302426,1446700,DE
2018-09-07,133.5489501953125,134.20027718836226,130.2832740063861,131.26026449596077,3136300,DE
2018-09-10,134.43545532226562,136.2808723544255,133.88363707677294,134.33594666149176,1872100,DE
2018-09-11,134.42637634277344,135.3943114044385,132.87043070409558,133.43129001452974,1152200,DE
2018-09-12,133.68458557128906,135.6023733030215,132.59000438606049,134.29973362697407,1949800,DE
2018-09-13,134.67062377929688,135.83758999897398,134.20023184588916,134.64348631403837,1502100,DE
2018-09-14,133.6665496826172,135.7381357162053,132.8433565678029,134.69781518559165,2002200,DE
2018-09-17,134.82435607910156,136.09083045757396,133.92879245935583,134.13685088168054,2131000,DE
2018-09-18,134.82435607910156,136.47980984728474,133.78405016409295,135.23144550995144,1529700,DE
2018-09-19,137.8548583984375,139.08514051873874,135.05958961887387,135.09576829738828,2373000,DE
2018-09-20,139.37460327148438,141.817070887544,138.60567189078722,139.52838678694675,2762200,DE
2018-09-21,138.23480224609375,140.2792496514778,138.0991149419258,139.64600542299263,2514000,DE
2018-09-24,137.09500122070312,137.81869912336728,135.4214506835041,137.58348936805254,1713500,DE
2018-09-25,136.85983276367188,137.82778193378994,135.8376224534629,137.23072994867377,1400000,DE
2018-09-26,137.7915496826172,138.80471837624614,136.36225024502596,136.62458363770196,1784900,DE
2018-09-27,137.41900634765625,139.94529034987045,137.21908339500283,138.49130776079213,1494500,DE
2018-09-28,136.61021423339844,138.27320192143722,136.34667316395965,136.81013715979898,1737000,DE
2018-10-01,137.09182739257812,138.5548919881189,136.47388009034736,137.8733404162745,2670300,DE
2018-10-02,140.69041442871094,140.81763682386404,136.67379195416115,137.3371787475033,2149200,DE
2018-10-03,143.77105712890625,144.39807300932193,140.96305374768727,141.44468247875955,2973700,DE
2018-10-04,143.8619384765625,144.76159176154417,141.48105551168078,143.53479308804242,3882500,DE
2018-10-05,142.12623596191406,144.21633052204308,140.60864924146586,144.0345861833806,1948300,DE
2018-10-08,139.78172302246094,141.2266093644652,138.1914356499366,139.772626791675,2863700,DE
2018-10-09,136.71925354003906,139.69990487811774,136.4102867971634,139.00018852505283,2107400,DE
2018-10-10,134.00213623046875,136.95552645778702,133.18426600164366,136.31031818392066,2861400,DE
2018-10-11,133.10244750976562,137.21901690770073,132.22097324549972,133.38415320667968,3309500,DE
2018-10-12,134.87449645996094,136.3102999500455,132.53905386457456,135.48334746912704,1881000,DE
2018-10-15,134.9017791748047,136.41028339884534,134.09300515260026,134.53829052944204,1678300,DE
2018-10-16,138.09146118164062,138.41860653642686,134.68370284686887,136.29215479721415,2124500,DE
2018-10-17,137.80067443847656,138.56400906227688,135.79236253587675,137.32812801441676,1516000,DE
2018-10-18,133.765869140625,137.27358889084056,132.4118620560848,136.7465206120181,2491800,DE
2018-10-19,132.59365844726562,135.40164904932445,132.10293329637202,134.05672380036643,1901500,DE
2018-10-22,132.1664581298828,133.53864337750397,131.15776143894817,133.44777817143216,1702300,DE
2018-10-23,126.88671875,128.41338745084852,124.19685606815167,126.87762252231828,5166900,DE
2018-10-24,121.67061614990234,127.55013694011927,121.3707317201611,126.90492852469922,3731500,DE
2018-10-25,124.29684448242188,125.6872087317696,122.07044521077516,123.25180417109904,1854400,DE
2018-10-26,120.86181640625,122.96099310418715,119.58959230634952,122.22491959880168,4771000,DE
2018-10-29,118.64447021484376,123.39715161744022,116.60891216020627,123.04274542998463,3274800,DE
2018-10-30,120.64373016357422,120.82548837186684,117.49041660331925,118.58999275218984,2347600,DE
2018-10-31,123.07913970947266,124.53310820594528,122.33396993539525,122.33396993539525,2018200,DE
2018-11-01,127.81362915039062,128.25891449061623,123.22452644869018,123.7788556003172,2954000,DE
2018-11-02,128.78599548339844,130.83065034750888,128.28618818781968,129.52206901588568,2938000,DE
2018-11-05,129.63113403320312,130.42174347227774,128.92232134038142,129.14950525131673,1576800,DE
2018-11-06,132.19378662109375,132.23012994885173,129.12225544279346,129.43122226045972,1729500,DE
2018-11-07,134.8836212158203,136.11041984743784,132.45729877805255,133.18429004618866,2161700,DE
2018-11-08,133.2842254638672,134.65641098790667,131.80298225789306,134.2929223579976,1899400,DE
2018-11-09,131.59400939941406,132.38460499059408,129.98554339020097,132.25738255217195,2581600,DE
2018-11-12,131.3759002685547,132.62086348890227,130.4489861592415,131.7666498848493,1562800,DE
2018-11-13,133.79307556152344,136.37389398967406,131.80294331520307,131.94834427068727,3540500,DE
2018-11-14,133.78404235839844,136.5284274701997,131.91204943385043,134.84726123691735,1824100,DE
2018-11-15,133.31149291992188,134.265667952725,129.49480665491245,129.5947681129433,3015400,DE
2018-11-16,134.37469482421875,134.70184011230907,131.95746927654184,132.42091932375254,2327300,DE
2018-11-19,129.55841064453125,134.64732048667483,129.13130390379294,133.83854654774086,2912400,DE
2018-11-20,125.87804412841795,127.65007556308572,123.46988675692316,127.65007556308572,3701400,DE
2018-11-21,128.931396484375,133.11157144219092,124.09691699457538,124.09691699457538,4987600,DE
2018-11-23,129.80381774902344,130.34906477300692,126.98674510166306,127.0049098339101,1192500,DE
2018-11-26,135.3289031982422,135.53790850263948,131.18507110195736,131.74848273389992,4361700,DE
2018-11-27,134.32017517089844,135.34705059414696,133.2660387953691,134.4746585225568,1753800,DE
2018-11-28,138.1368865966797,138.145982826592,133.62046978318685,134.73822449847592,2421700,DE
2018-11-29,136.2830352783203,138.57305213749137,135.48334376993034,137.99146209489876,2236700,DE
2018-11-30,140.74496459960938,141.14481045502706,136.11949017165895,136.2103692719644,2534900,DE
2018-12-03,147.4059600830078,149.36881780559722,146.42452428861293,147.20603720639772,5132000,DE
2018-12-04,137.7552032470703,146.30640714142348,137.50075843090318,146.25188523313088,3549300,DE
2018-12-06,140.2996826171875,140.3905617197103,133.19337774520062,134.22023949944605,4595900,DE
2018-12-07,133.82037353515625,140.59954589875522,132.95707765566925,139.58176666114548,3005600,DE
2018-12-10,133.61134338378906,134.62912243182762,130.72157192973685,132.47542431546043,1791400,DE
2018-12-11,133.58413696289062,138.0096750223667,132.6208794183497,136.5738710699774,1818800,DE
2018-12-12,134.62010192871094,137.7552372246448,134.4928794892477,136.43757327316024,1863500,DE
2018-12-13,134.7745361328125,136.73740779620763,134.28382515006413,135.71962865201797,1733900,DE
2018-12-14,135.41065979003906,135.86502749952794,132.9570769320396,132.9570769320396,1967900,DE
2018-12-17,132.7480926513672,136.355773944262,131.76665657979387,134.7654867096783,2504000,DE
2018-12-18,135.610595703125,137.08275665213776,134.33837154096918,134.80182165728235,2846200,DE
2018-12-19,132.7480926513672,138.12780551812875,131.13962682299388,135.64696131471533,3173200,DE
2018-12-20,131.4395294189453,134.8109449241277,129.58571471569184,131.87571866685093,2822800,DE
2018-12-21,129.94012451171875,133.65685024765412,129.46757805871906,131.3486537730148,3931500,DE
2018-12-24,124.84207153320312,129.3493912742902,124.84207153320312,128.81324072543777,1444700,DE
2018-12-26,130.1945343017578,130.23997384837006,123.70616361892957,125.78716173822342,2267400,DE
2018-12-27,133.32968139648438,133.32968139648438,127.3774607532798,128.31345726322968,2457300,DE
2018-12-28,132.70849609375,135.15659511291673,131.9868632343905,133.72244510875984,1597100,DE
2018-12-31,136.2619171142578,136.32586651646457,133.56719133439,133.56719133439,1954600,DE
2019-01-02,135.2845001220703,136.7095067473806,133.57630695184014,133.57630695184014,1987700,DE
2019-01-03,131.5849609375,134.88257828726697,130.35177456725978,134.66334112812973,2047200,DE
2019-01-04,138.55470275878906,138.62778180979902,134.1426683035945,134.28881246721062,2549100,DE
2019-01-07,140.8201141357422,142.4460847202491,137.8330723354474,138.77394248473837,2947400,DE
2019-01-08,143.34124755859375,144.22731171059078,140.69219869366302,141.61479539469866,3124800,DE
2019-01-09,140.9754180908203,144.23648928912047,140.2172385161374,144.19995672794306,3134300,DE
2019-01-10,145.35089111328125,145.6340637048299,138.3811461090778,140.35422459607585,2693600,DE
2019-01-11,144.5836181640625,145.96294891267226,143.0581292870367,144.11775481044347,2039000,DE
2019-01-14,143.78887939453125,144.63839722430498,142.35472915923106,142.69272151097653,1364900,DE
2019-01-15,143.46002197265625,145.01291337545297,142.28164151672965,143.65184227303314,1369100,DE
2019-01-16,143.78887939453125,144.9581163287768,143.34127543595145,143.64272129314963,1457300,DE
2019-01-17,146.21873474121094,147.6528713243117,142.7292825509697,143.17688659887588,2155100,DE
2019-01-18,150.36587524414062,151.80915546607716,147.83556654288176,147.98172467790477,3879800,DE
2019-01-22,145.09512329101562,148.8951500988786,143.76146901588103,148.79466815170517,2076500,DE
2019-01-23,143.97157287597656,146.7941833145549,142.72925686667287,145.73455796635977,1780800,DE
2019-01-24,144.72059631347656,145.32348798781385,143.47829434948864,144.0994453314826,1602100,DE
2019-01-25,147.5249481201172,148.73073147630015,146.03599217106176,146.73023614161664,1826400,DE
2019-01-28,142.948486328125,144.7114713236067,141.77010584135977,143.4965582819479,2199400,DE
2019-01-29,146.59324645996094,147.01344760262336,143.24082272858692,143.8528442223728,2199700,DE
2019-01-30,148.81295776367188,149.5163175328344,146.21871403658884,147.89949048469296,1988800,DE
2019-01-31,149.8086395263672,150.61249522313975,146.31918769574543,148.37448915266205,3118800,DE
2019-02-01,149.6990203857422,150.13748077176257,148.85863217153465,149.881711051717,1704300,DE
2019-02-04,150.2744903564453,150.61248271273442,148.2922681219225,149.8634328868869,1907900,DE
2019-02-05,150.00047302246094,150.71297640878225,148.90430110036203,150.38412761983355,1574600,DE
2019-02-06,149.5163116455078,150.63988639006146,148.89516061069466,149.91823946257702,1660500,DE
2019-02-07,147.79901123046875,149.62594582185056,146.25524927060638,148.61199656609747,2488100,DE
2019-02-08,148.66676330566406,148.70329585499323,146.38309566656017,146.38309566656017,1628300,DE
2019-02-11,147.92691040039062,150.02788817134692,147.91776680597036,149.47067250955075,1843900,DE
2019-02-12,150.89566040039062,151.553357949161,148.81295614208588,149.2970926795968,1894400,DE
2019-02-13,148.62112426757812,150.26536816588882,148.04564935697283,149.70815256530588,2777700,DE
2019-02-14,148.36534118652344,149.26967873378186,146.66629163429462,147.39706818313343,2029700,DE
2019-02-15,145.23216247558594,149.2605424377088,143.69753025416446,145.6706228509618,7578600,DE
2019-02-19,143.65187072753906,145.05861825483092,142.5557126930503,143.30476261196776,2971500,DE
2019-02-20,146.04513549804688,146.72109228279768,140.5186563357201,144.22733081318947,3349200,DE
2019-02-21,148.75816345214844,150.08268832133768,146.12737302510922,146.12737302510922,2838500,DE
2019-02-22,151.60818481445312,151.63558772125796,148.89518553352437,148.89518553352437,1967200,DE
2019-02-25,150.59423828125,153.29810795692575,150.5211592155932,152.5307847367325,2502700,DE
2019-02-26,149.62591552734375,150.7677494157722,148.72157806988372,149.3153400549077,1623700,DE
2019-02-27,149.43408203125,149.58936976822667,148.30139172897248,149.36100298942532,1850500,DE
2019-02-28,149.84515380859375,150.74949135715585,148.4384204492339,149.10524760449903,1778000,DE
2019-03-01,149.1782989501953,151.59899495102832,148.65762998928005,150.5850459867188,1668900,DE
2019-03-04,151.4711456298828,152.5673035389053,149.9456430611752,150.35671447316213,2663100,DE
2019-03-05,147.47926330566406,151.41630435122315,147.43358716211702,151.06919632475015,1965900,DE
2019-03-06,144.5470428466797,147.3513796718563,144.16338832687063,147.2965738745125,2229700,DE
2019-03-07,144.34608459472656,144.62925718431703,142.08067600119725,144.21819974980173,2051300,DE
2019-03-08,145.25038146972656,146.13644556758535,142.39123926111435,142.39123926111435,1757300,DE
2019-03-11,146.53839111328125,146.75762823600937,144.90329113043973,145.3508810907071,1340300,DE
2019-03-12,145.36917114257812,147.06822070955383,144.98551658724855,146.66629290728378,1553100,DE
2019-03-13,145.86244201660156,147.04995221484813,145.06772997905065,145.93552106832178,1661800,DE
2019-03-14,144.1085662841797,145.46050764289555,143.37780374675722,145.29607631509415,1596800,DE
2019-03-15,144.46484375,145.55187203577026,143.77974329477382,143.98070721004586,2386300,DE
2019-03-18,146.42881774902344,146.60237877419425,143.93505580745716,144.3095668245881,1962400,DE
2019-03-19,147.04083251953125,149.04132813835568,146.21871752420293,147.46101967237735,1685400,DE
2019-03-20,145.8441925048828,147.52496899214583,144.34610668999102,146.62977494064344,2017100,DE
2019-03-21,145.9081268310547,146.77591797186005,144.78456596324153,144.80283921185773,1082200,DE
2019-03-22,142.446044921875,145.1955755491844,141.82488011952464,144.62010082250112,2177400,DE
2019-03-25,143.71578979492188,144.55617790857508,142.4917471471054,142.8297255356391,1137200,DE
2019-03-26,143.9624481201172,145.1225415237543,142.9667581971469,144.72975728592547,1036700,DE
2019-03-27,144.57449340820312,144.83939282883028,142.5739975152228,144.44660852610608,1068200,DE
2019-03-28,145.09765625,145.48316200175464,143.85851961491406,145.02422458219075,1123300,DE
2019-03-29,146.7130889892578,147.96139914405887,145.46477883445675,145.8594722392122,1862600,DE
2019-04-01,148.61309814453125,149.68700987807216,147.48410216345826,148.36526805043516,1371400,DE
2019-04-02,148.8058624267578,149.3474192188256,147.62181006277297,148.60392884442578,1184300,DE
2019-04-03,149.97152709960938,150.58650138766873,148.85171899130586,149.65026539427546,1356100,DE
2019-04-04,150.7517852783203,151.24743158372803,149.92568942842732,150.04501765251035,1197200,DE
2019-04-05,151.47689819335938,151.86240398230268,150.72424803561097,151.302499716196,1294600,DE
2019-04-08,151.44932556152344,151.48603438704953,149.78797459475356,150.5130894455593,1133300,DE
2019-04-09,145.78604125976562,149.0720343884903,145.44643210029722,148.86091312200125,2451000,DE
2019-04-10,145.60250854492188,146.5295572071251,142.96819790110104,145.94211779634736,2746800,DE
2019-04-11,147.00685119628906,147.13535312542888,144.9324449043267,145.611677390157,1162200,DE
2019-04-12,148.20005798339844,148.98943080031975,146.76816165999068,148.41116524674464,1220200,DE
2019-04-15,149.1454620361328,149.23724110088736,148.12662057946096,148.53966138499686,1062500,DE
2019-04-16,151.04550170898438,151.66966396692737,149.03535329859486,149.14550781803212,1310200,DE
2019-04-17,151.8623809814453,152.17445504822933,150.3937897229958,151.32083821749814,1350700,DE
2019-04-18,155.166748046875,156.02955265708533,152.11022307919015,152.35805321323457,2215500,DE
2019-04-22,155.2584991455078,156.00198941363303,154.11115577610366,154.42324381688042,1376600,DE
2019-04-23,153.98268127441406,155.39621640017324,153.7256774343958,154.87302100792684,1891200,DE
2019-04-24,151.73391723632812,153.94599939473562,151.68802068421974,153.5604935672156,1463400,DE
2019-04-25,148.52130126953125,151.0179215454648,147.99811997944892,150.53144908047432,1256600,DE
2019-04-26,151.4585418701172,151.4769032908733,148.33777261327387,149.45758118317113,988500,DE
2019-04-29,152.6334228515625,152.94551098618132,151.50444055817792,151.82570240047414,889700,DE
2019-04-30,152.02760314941406,152.9821867509428,149.92566207585998,152.9821867509428,1573700,DE
2019-05-01,151.02708435058594,153.57878868848326,151.02708435058594,152.00921692020086,1327400,DE
2019-05-02,150.6416015625,152.96382359152406,148.83338715964862,151.44016212984295,1702400,DE
2019-05-03,153.20248413085938,153.4961967798941,150.94450599129863,151.55948041819605,1050800,DE
2019-05-06,147.0251922607422,148.23679383086883,145.14355995224616,148.0073251097684,2913100,DE
2019-05-07,144.8039093017578,145.83193850147302,142.54594535685672,145.3362783145829,2182200,DE
2019-05-08,142.81210327148438,144.8314245566845,142.59182233477634,144.2439853827053,1806400,DE
2019-05-09,142.711181640625,143.46384576082664,139.32422111103577,141.1232620284906,2026000,DE
2019-05-10,143.234375,143.5005525474599,139.4894438827853,142.10539284145244,1753700,DE
2019-05-13,134.26670837402344,138.1768495067648,133.2570406139545,137.68120333723948,3172500,DE
2019-05-14,135.02857971191406,136.69910477929437,133.50490398707396,134.21167159533397,2325400,DE
2019-05-15,132.94497680664062,134.56961905256435,132.19232678678102,133.82614273826323,2330500,DE
2019-05-16,134.00057983398438,135.9005738512619,133.0918785179273,134.18415203770442,2893400,DE
2019-05-17,123.74789428710938,129.75996336404486,122.23339237769684,128.50247929843528,7817500,DE
2019-05-20,124.25270080566406,124.83096638174275,121.78361547970826,122.96768175399724,3715300,DE
2019-05-21,127.48365020751952,128.04355448268817,125.34499991074954,125.80393738201366,3567300,DE
2019-05-22,127.38268280029295,128.57592302106016,126.40973760672682,126.593309793231,2626800,DE
2019-05-23,125.26235961914062,126.49230833800766,124.32612351708744,125.44593175535633,2584400,DE
2019-05-24,127.53872680664062,127.95176775019,126.14355290302022,126.8319591441561,2597200,DE
2019-05-28,126.27202606201172,128.93385702356375,126.25366464688447,128.93385702356375,2054400,DE
2019-05-29,129.53970336914062,129.7599844057511,125.32664647037188,125.91408591076818,3013000,DE
2019-05-30,130.04449462890625,131.89860564203676,129.70488543553256,129.70488543553256,3110600,DE
2019-05-31,128.65850830078125,129.20005106833156,126.4831495190114,128.04353386897122,2206600,DE
2019-06-03,131.5222625732422,131.9903876444431,128.08023237044372,128.08023237044372,2213600,DE
2019-06-04,133.660888671875,134.54205441015972,132.07296960790762,133.0918109276489,1872000,DE
2019-06-05,134.21163940429688,134.88168401196495,132.320819768135,134.2758833501879,1634100,DE
2019-06-06,134.45950317382812,135.08365140182212,132.94500114003108,133.95466916256245,1391300,DE
2019-06-07,136.4971923828125,136.94694215261697,134.52375280213363,135.19379760585858,1555800,DE
2019-06-10,137.50682067871094,138.8102012058009,137.3599573502805,137.37831876774877,1708500,DE
2019-06-11,137.68121337890625,140.03097051300108,136.62566301193087,139.01212897377087,2019800,DE
2019-06-12,136.57061767578125,137.5435769589759,135.57932498197604,136.99284634627412,1344100,DE
2019-06-13,139.0855712890625,139.73726857813276,136.7633490993055,137.32325330349542,1192500,DE
2019-06-14,139.06715393066406,139.60871050456143,137.2405927249486,139.2048435025984,1013500,DE
2019-06-17,141.6923370361328,142.45417484727696,139.7556205297844,140.71021822317465,1742200,DE
2019-06-18,146.2908935546875,146.83243633809673,142.73870847109566,143.08750538512925,2617000,DE
2019-06-19,146.8048858642578,148.2000593688572,146.00633933473677,146.28169054791172,1671100,DE
2019-06-20,149.39324951171875,149.7328726026858,147.64011985005772,148.92513855582814,1945100,DE
2019-06-21,150.78848266601562,151.1739884311018,148.7966958769075,150.0358325548452,2380800,DE
2019-06-24,153.17495727539062,154.55176953084586,151.35755501411558,151.56867631069284,2582200,DE
2019-06-25,152.6517333984375,153.6430397179863,152.28458913445166,153.6430397179863,2084800,DE
2019-06-26,152.47738647460938,152.89961512590304,152.02763670015943,152.46821276689062,2025700,DE
2019-06-27,151.9794464111328,152.57880151469126,150.946692198346,152.3574940255164,2072100,DE
2019-06-28,152.8000946044922,154.04491217996667,151.98864795734826,151.98864795734826,6514900,DE
2019-07-01,152.2745361328125,155.71394131197945,150.25514890302324,155.18835527780553,2409200,DE
2019-07-02,152.2653350830078,152.76325948332462,151.30634976901777,152.54195193316545,1371000,DE
2019-07-03,152.41278076171875,152.91071897522062,150.10754773261036,152.90150310831348,918600,DE
2019-07-05,150.6885223388672,151.2233382723805,148.9734278176109,150.8545064899723,1291700,DE
2019-07-08,151.12184143066406,151.84107294131144,149.38830185627066,150.3380566477672,1384000,DE
2019-07-09,150.62396240234375,150.86370162094934,148.55846812271955,149.37913068528823,1486000,DE
2019-07-10,148.28182983398438,150.42109316640284,148.10662984572258,149.57276897010763,1753200,DE
2019-07-11,148.69677734375,148.73366895914594,146.95402137205448,148.19885309613502,2012800,DE
2019-07-12,152.48655700683594,152.5234486162338,149.4805380621275,149.48975392946372,2268500,DE
2019-07-15,153.0675048828125,154.7364916908723,152.4128123759348,153.89738331741867,1983700,DE
2019-07-16,153.20582580566406,153.62077912696125,151.91490056393695,152.3390697548072,1345100,DE
2019-07-17,150.37496948242188,153.602295869956,150.37496948242188,153.13203337583914,1368200,DE
2019-07-18,150.52252197265625,151.0942153413734,149.4067828398077,150.07069117058856,1404400,DE
2019-07-19,152.7078857421875,153.59310158080032,150.7899298168834,151.26942231571653,2690300,DE
2019-07-22,152.2745361328125,153.6023531644565,151.73972015784304,152.69870537848888,970300,DE
2019-07-23,155.2344207763672,155.7784524749245,152.56957156323276,153.14126493663008,2176800,DE
2019-07-24,154.15554809570312,155.3542721760329,152.2099447783563,152.883068934454,1775600,DE
2019-07-25,153.90660095214844,154.3030943300875,152.46813760981422,153.98958597496903,1180600,DE
2019-07-26,157.11550903320312,157.6779866243133,153.84207433313682,154.00805847757803,1950000,DE
2019-07-29,156.99562072753906,157.88083660213567,155.95366472987155,157.02328240455498,1459600,DE
2019-07-30,156.7835693359375,157.4290320240372,154.60742793746468,155.98135242858726,1400700,DE
2019-07-31,152.7447509765625,157.06937084609137,151.80422593199475,156.84807745679413,2000300,DE
2019-08-01,148.65066528320312,154.13711753774018,148.14351116034086,152.96605512131768,2193800,DE
2019-08-02,146.33619689941406,147.38738264835402,144.8608561319689,147.38738264835402,2270200,DE
2019-08-05,139.2914276123047,143.3117554239136,136.20242314526095,142.55564614766288,3243300,DE
2019-08-06,140.87742614746094,142.32511951462814,138.6920693287733,140.54547196626535,1824800,DE
2019-08-07,139.45736694335938,139.77087522377764,137.02304169712625,138.71968964176844,1747100,DE
2019-08-08,142.97979736328125,143.10888987378095,139.65103969607992,140.25040883556514,1661300,DE
2019-08-09,142.7769317626953,143.8557793000296,141.4952225615859,141.92860756419387,1742900,DE
2019-08-12,135.59384155273438,142.3158964595437,135.38176400366584,141.95628058502348,3738300,DE
2019-08-13,135.70448303222656,138.3693323766254,134.155372884769,134.62563545024108,2890500,DE
2019-08-14,132.01609802246094,133.500668820189,130.7989421648978,132.88286798846738,3001000,DE
2019-08-15,132.51402282714844,134.00780934102897,130.24566731530587,132.61545364414192,2402700,DE
2019-08-16,137.60400390625,139.22689741022273,132.31119641951082,132.57859733367195,3493000,DE
2019-08-19,140.51779174804688,141.31079251681504,137.72385028750904,138.48918938399677,1993600,DE
2019-08-20,140.25042724609375,140.70224405713805,139.3467654839447,140.20431975699958,1582900,DE
2019-08-21,142.79537963867188,143.15499548966122,141.64276292780505,142.32511708584838,1855200,DE
2019-08-22,143.26565551757812,144.04944058188389,141.12640601963827,143.39474803840184,1716400,DE
2019-08-23,135.566162109375,141.83639941905736,134.9022538018776,139.2360895363547,2983000,DE
2019-08-26,139.06085205078125,140.06593010882187,136.72795773586844,138.62746718721814,1864100,DE
2019-08-27,138.40621948242188,140.78520797850786,137.99126621284518,139.78012958915,1240700,DE
2019-08-28,140.8220977783203,141.51366779200245,137.3642477099095,137.84374019233698,1477800,DE
2019-08-29,144.28915405273438,145.47866227582807,142.92445992339597,143.15498324585306,1611800,DE
2019-08-30,142.84152221679688,146.14261897619133,142.70319973549056,145.8936497658653,1629100,DE
2019-09-03,139.0701446533203,141.78108765099927,138.36934460750018,141.78108765099927,2030600,DE
2019-09-04,139.90000915527344,140.15819417683903,139.28220827723945,139.62337832644505,1562300,DE
2019-09-05,144.1232147216797,144.95309323133182,140.46250245549209,140.87744171031818,1672900,DE
2019-09-06,144.32606506347656,145.52478931538823,143.95721925594972,144.79632763929078,1083200,DE
2019-09-09,146.022705078125,146.7788143170436,144.4735809166375,144.49202672344862,1725700,DE
2019-09-10,151.26019287109375,151.26019287109375,145.98583164681656,146.5114175604998,2702900,DE
2019-09-11,152.28372192382812,152.32061353965997,150.0983650317605,151.3155350936906,2213300,DE
2019-09-12,150.5409393310547,150.9374467460253,147.20296625956584,149.48053771873876,2732800,DE
2019-09-13,152.53268432617188,153.61153188596734,150.43952842638328,152.08085350744253,1789300,DE
2019-09-16,151.767333984375,152.58799646459872,150.2089940447303,151.3523948103342,1164700,DE
2019-09-17,151.214111328125,151.4538505621299,149.6557711320192,150.29201786960363,1347800,DE
2019-09-18,152.495849609375,152.72637301774807,150.13529215883975,150.73464739259686,1215900,DE
2019-09-19,151.62901306152344,153.06747624977498,150.946659005803,152.28369137590727,986000,DE
2019-09-20,151.2878875732422,153.71298391502384,150.19059405504547,151.98867356930342,2942700,DE
2019-09-23,152.3390655517578,153.14128235341002,150.07992533602044,150.19980198731264,1412300,DE
2019-09-24,153.03062438964844,153.35334863243247,151.1772076806867,152.70788607683593,3124800,DE
2019-09-25,152.32061767578125,153.28881860223825,151.61981765623597,152.77243445677303,2814000,DE
2019-09-26,153.44558715820312,153.91584979161905,151.91490852704138,152.3021861198599,1808800,DE
2019-09-27,154.0106201171875,154.9832631249407,152.843456988633,154.23294296125692,1591200,DE
2019-09-30,156.2523193359375,156.5765383769068,154.38115510707718,154.49230945960062,1828700,DE
2019-10-01,153.30661010742188,157.66960202818427,152.519229114669,157.10454386663469,2299500,DE
2019-10-02,151.2223663330078,152.82490261272878,149.2122453036283,151.91710921049483,2646300,DE
2019-10-03,152.6859588623047,153.0194360070716,148.776871162096,151.18531877814362,1367500,DE
2019-10-04,155.33526611328125,155.41863187684456,152.05607140063958,152.65819045150994,1217300,DE
2019-10-07,154.2792510986328,156.2523114289894,154.149566315724,155.5668407770063,1221600,DE
2019-10-08,152.81568908691406,153.94580562840093,150.86114465544915,152.1857813440699,1848600,DE
2019-10-09,154.1680908203125,155.2611604497748,152.519235292203,154.14030223210924,2089100,DE
2019-10-10,155.43714904785156,157.42873972521724,153.79755183146187,154.24218333376768,1996800,DE
2019-10-11,158.35507202148438,160.49487802493996,156.99337472208873,157.47506712037503,5006800,DE
2019-10-14,156.48390197753906,158.3550803607209,156.15043891645098,158.21613741860085,1769000,DE
2019-10-15,159.92056274414062,160.2818285115349,155.76136320909862,157.06748334297848,1898500,DE
2019-10-16,158.45697021484375,161.27300289536893,158.40139304022233,159.38329415075148,1824100,DE
2019-10-17,159.45738220214844,160.25402125469367,158.68853173350524,159.35548601631427,1203400,DE
2019-10-18,161.10629272460938,161.4119813869443,158.86459000207142,159.3555406654801,1616200,DE
2019-10-21,161.2081298828125,162.77361936731222,161.1803412995617,161.7917184002384,1375200,DE
2019-10-22,162.24562072753906,163.39426741868806,160.80055774696555,161.87509683211326,1486600,DE
2019-10-23,162.106689453125,162.86628186830453,160.71720354352678,160.8839350680794,1227100,DE
2019-10-24,159.42962646484375,162.10670229740035,158.31804047600667,162.10670229740035,2478700,DE
2019-10-25,160.35594177246094,161.27300758412116,159.45740639774044,159.5129835739777,2102400,DE
2019-10-28,160.57823181152344,162.4679260905013,160.2447546876357,161.58792133247445,1433100,DE
2019-10-29,161.2822265625,161.77317701279438,159.09610197579013,159.6055828585235,1586500,DE
2019-10-30,161.01365661621094,161.7547045644714,159.89279827240406,161.7547045644714,1624700,DE
2019-10-31,161.3100128173828,161.53233559970872,157.7992521207785,160.66158903715518,2181800,DE
2019-11-01,163.13490295410156,163.27384588557555,161.91214861880647,162.94036871545697,3090800,DE
2019-11-04,165.90464782714844,166.10844025483377,164.654104669496,164.654104669496,1990200,DE
2019-11-05,165.73785400390625,166.46038544326083,165.06164158185993,166.01575397317637,1314300,DE
2019-11-06,163.00521850585938,165.47850163321078,162.32900601367095,165.42292446050777,1929200,DE
2019-11-07,164.7837677001953,165.9602030800902,164.45029051119292,164.71893237336303,1652800,DE
2019-11-08,165.21913146972656,165.72861244195218,164.20944181041278,165.33955809986563,1713600,DE
2019-11-11,166.55307006835938,167.18296364929978,163.57030544194507,164.21872946190828,1410200,DE
2019-11-12,163.394287109375,166.55305528976322,163.07934034685067,166.55305528976322,1436200,DE
2019-11-13,162.7273406982422,162.83849505880588,159.97615719762672,162.13449388426417,1835500,DE
2019-11-14,161.53237915039062,163.69071570651104,160.25404754287823,160.45783994797682,1307500,DE
2019-11-15,161.625,162.875542995321,161.23594563435347,162.59764298140726,1611100,DE
2019-11-18,162.0233612060547,162.03261935914628,159.6797622266574,161.1804028334186,1418100,DE
2019-11-19,160.8561553955078,163.3387110415588,160.61531624627924,163.3387110415588,1192800,DE
2019-11-20,159.39251708984375,160.63378738737512,157.23418129122908,160.17062556281175,2013300,DE
2019-11-21,163.06080627441406,163.31091770241116,159.5407723838171,160.00393436588035,1627600,DE
2019-11-22,162.45867919921875,163.9407888589762,161.7454058864181,163.1904688118781,1292800,DE
2019-11-25,163.5980224609375,163.8944386827062,162.29190270562023,163.10707205099453,1556800,DE
2019-11-26,163.63510131835938,165.2005908755786,163.5887964338434,163.9222735829231,2786900,DE
2019-11-27,156.6043243408203,159.6704543462563,154.7424182943429,156.0855851916275,7626000,DE
2019-11-29,155.66873168945312,156.84516698099722,155.34451267589523,155.9003126606857,1394400,DE
2019-12-02,153.112060546875,154.9184033337203,152.63038232932428,153.12133283136097,2694400,DE
2019-12-03,151.45396423339844,152.1950262125271,150.101525061395,151.2964908597031,1966500,DE
2019-12-04,153.0935516357422,154.56640321293585,151.6392163592541,151.98196580643716,1756400,DE
2019-12-05,152.4543914794922,153.65861539474446,151.77817897987853,153.3529268069402,1234000,DE
2019-12-06,153.03793334960938,155.14067781581065,152.33391834367688,154.76089586924786,1523400,DE
2019-12-09,155.52976989746094,155.77062314635194,152.94533255629446,153.21396025554174,1730800,DE
2019-12-10,157.38241577148438,157.47505380991052,154.39039370677853,155.19629092968125,1643100,DE
2019-12-11,157.19715881347656,158.10495225359944,155.95588821285824,158.04937508261364,1245800,DE
2019-12-12,161.01365661621094,161.32860340768,156.1967601450164,157.01192984960323,2168500,DE
2019-12-13,159.79087829589844,163.40353597745138,158.531077182791,160.93952506021395,1775600,DE
2019-12-16,160.11508178710938,162.09741424414568,159.94833614552232,161.3933990779028,1408700,DE
2019-12-17,161.03219604492188,161.42125051400188,159.0035437789731,159.7538782563977,1247000,DE
2019-12-18,159.89280700683594,160.80060068725336,158.6052170447086,159.99470322547555,2209000,DE
2019-12-19,160.03170776367188,160.83761914747976,159.25359909996416,160.53193057218445,1249000,DE
2019-12-20,161.78248596191406,163.5702986873246,160.550487442151,162.45871267977856,2593600,DE
2019-12-23,162.15301513671875,162.70880104263543,160.67089111844322,162.70880104263543,1005700,DE
2019-12-24,161.64352416992188,162.5698480906664,161.19889264564725,162.06036710734065,332300,DE
2019-12-26,161.9214324951172,162.2271211008237,160.7820579717253,161.9214324951172,518100,DE
2019-12-27,162.8569793701172,162.90329838542718,161.4582355690611,162.11591752889436,719500,DE
2019-12-30,162.0290069580078,162.9221308606477,161.42427374872915,162.70815532921603,953000,DE
2019-12-31,161.191650390625,162.50344090521645,160.4845929467333,161.99174805953058,748200,DE
2020-01-02,164.54092407226562,164.55953495920872,161.62893778937894,162.10342313277042,1591100,DE
2020-01-03,163.32217407226562,163.51753869991447,161.4614828591289,162.0755143664914,1301100,DE
2020-01-06,164.49440002441406,164.5595310291858,161.63824647056757,162.3266931156002,1234200,DE
2020-01-07,161.6382293701172,164.15015933569876,161.4056429993051,163.7501033960103,1234200,DE
2020-01-08,163.64776611328125,164.46647468768742,161.87081701520688,162.34528810485833,1713900,DE
2020-01-09,165.22943115234375,165.96439813880778,163.84321070421004,164.23395426364107,1459100,DE
2020-01-10,161.34982299804688,165.9736415480462,161.3312263080044,165.6945492379429,2560900,DE
2020-01-13,162.56861877441406,162.84771113803438,161.48011596844685,161.9545871825507,1300900,DE
2020-01-14,161.57315063476562,162.85703235963598,161.34986253602077,162.69887527983963,1039800,DE
2020-01-15,160.8754119873047,162.95007937798596,160.15904166648667,161.06147832888092,1139200,DE
2020-01-16,163.24771118164062,163.3314388620029,160.996276979807,161.8801022852791,1410400,DE
2020-01-17,163.92691040039062,164.68048815017423,163.30358048148383,163.47105009029625,1653400,DE
2020-01-21,160.54042053222656,163.21050762980124,160.38226349746583,162.90350610087782,1655100,DE
2020-01-22,159.2379608154297,161.5638248813388,158.7355662274626,161.0149243688117,1285700,DE
2020-01-23,160.07528686523438,160.18692381210622,156.91211700563676,158.4192725722045,1245100,DE
2020-01-24,158.27040100097656,160.0659755278221,157.26562597282617,160.0659755278221,1103300,DE
2020-01-27,151.9069061279297,156.2888423913691,151.58127932300292,154.60490406949188,1586800,DE
2020-01-28,151.62774658203125,154.1303789245456,151.08814434272762,153.32098266356496,1750700,DE
2020-01-29,149.00416564941406,152.49296190571368,148.855306935451,152.49296190571368,1959200,DE
2020-01-30,149.8879852294922,150.567133565489,147.49699014294984,147.92495537957316,2496400,DE
2020-01-31,147.53421020507812,149.99032207540475,146.37127817943204,148.59480364462945,1693300,DE
2020-02-03,147.2644500732422,150.18573570695256,146.32480580048434,148.33435640348253,1813400,DE
2020-02-04,152.97674560546875,153.61868644745545,149.46003978897176,150.09268228395487,1412200,DE
2020-02-05,156.6237030029297,157.0144464902463,154.9118561398942,155.76777247343762,1476900,DE
2020-02-06,157.09815979003906,157.36795376989377,154.48389090531825,156.9958212054154,1805100,DE
2020-02-07,155.78640747070312,157.13540609433375,155.05144050614328,155.75849823128635,1711100,DE
2020-02-10,156.5213165283203,156.56782244195767,154.5582871499053,154.86530283801127,807700,DE
2020-02-11,158.40066528320312,159.14494473648327,156.85630209788783,157.32147498169422,1315700,DE
2020-02-12,159.861328125,161.13589738895013,158.3541723999815,160.01948521501234,1008200,DE
2020-02-13,158.86578369140625,159.93568947485656,158.02847846604945,158.95882391464366,831100,DE
2020-02-14,156.3632049560547,160.3078615463904,155.5351836743095,158.93095391745896,1152400,DE
2020-02-18,154.71649169921875,155.77708522218316,152.7720726064421,155.73986344470444,1177400,DE
2020-02-19,153.44186401367188,155.59097386836928,153.3674488721601,154.90251314385654,1244600,DE
2020-02-20,154.27920532226562,155.13512153064525,153.0418440287325,153.28372876285718,2048500,DE
2020-02-21,165.0712432861328,169.31363192524833,163.74085564804835,165.51781947716594,5917100,DE
2020-02-24,159.88917541503906,164.07573009217398,159.55425047303044,160.4938943011359,2292900,DE
2020-02-25,155.04209899902344,160.90327951278636,154.2513137033563,160.18690937769523,2358500,DE
2020-02-26,155.29330444335938,157.5819611396207,154.07455383277733,156.5585751787012,2545200,DE
2020-02-27,148.84600830078125,154.94907360195265,148.8180990664608,152.94882190131588,2957500,DE
2020-02-28,145.58047485351562,147.8505203785817,142.02656205951084,144.47336132318034,3048300,DE
2020-03-02,152.50225830078125,152.57668765681055,145.64561535549262,146.92018436211745,2532100,DE
2020-03-03,146.78994750976562,156.1771324778963,146.06427897917558,152.89301320085573,2443100,DE
2020-03-04,151.71148681640625,151.91614981917638,149.33910233739303,150.00895240666614,2513800,DE
2020-03-05,147.9900360107422,150.89270884965654,146.9201303813628,147.7667480246938,1878400,DE
2020-03-06,152.61387634277344,153.45119584747908,142.96619762256586,143.4592796237602,2973400,DE
2020-03-09,139.55186462402344,147.22721717834472,136.88177682358773,141.42185449944344,2886400,DE
2020-03-10,144.19427490234375,145.4409346446873,137.7004521569257,144.7803829984304,2797700,DE
2020-03-11,135.71881103515625,140.63103431873031,133.83021073691586,140.34262947455755,2397300,DE
2020-03-12,121.30778503417967,127.02940587203877,119.1679869124938,125.59667962475947,3288700,DE
2020-03-13,129.2808074951172,129.58780899528904,121.43798812036296,128.3225386397533,2525500,DE
2020-03-16,111.68799591064452,123.61501952563675,111.49261708179525,115.2698251726416,2617700,DE
2020-03-17,117.88409423828124,120.44255182554252,110.77625417406256,114.24644650627724,2909600,DE
2020-03-18,106.25476837158205,112.15316306923492,98.7468797873428,109.61331650002104,2635000,DE
2020-03-19,111.3251495361328,112.32991731415726,98.84921257076286,105.03601176537464,2455700,DE
2020-03-20,103.8544692993164,112.2089753092309,102.65432270992264,111.3251498920208,4155200,DE
2020-03-23,103.40790557861328,107.52003105803148,99.10040129451374,102.58919698139022,3130900,DE
2020-03-24,117.22354125976562,117.83757274005828,104.84994239871212,109.19466158430764,3488000,DE
2020-03-25,119.54011535644533,127.20615427809184,113.3533083865826,117.1119055913121,3962200,DE
2020-03-26,129.40176391601562,130.3879279640431,118.28413702258324,120.34020701014671,2227500,DE
2020-03-27,125.69900512695312,129.47620630841766,122.9544882159438,125.5966665345315,2302600,DE
2020-03-30,132.13600158691406,132.575738781019,125.89549379608492,127.91641184436446,2251100,DE
2020-03-31,129.26370239257812,135.66326252251102,128.41229504285957,132.84708545373724,2240100,DE
2020-04-01,125.06279754638672,126.0545403599276,121.32971416166296,123.6687356186005,2040600,DE
2020-04-02,130.4050750732422,130.9009462755789,124.30490563112606,124.725926464549,2863800,DE
2020-04-03,126.79368591308594,130.37706868982318,123.6219732189772,129.5630794714424,2053100,DE
2020-04-06,134.25048828125,135.54161849071278,130.72323972717288,132.46347236069255,2079300,DE
2020-04-07,133.6235809326172,141.88498945288532,133.36159748098842,138.47002495338603,2067500,DE
2020-04-08,137.3192901611328,138.30168213181602,133.4271546203576,135.73810920542692,1210100,DE
2020-04-09,136.3649444580078,140.53776482040124,134.8492631943542,137.79642437951478,1596100,DE
2020-04-13,130.79808044433594,133.5581228600995,128.05673992099858,132.65058140854703,1655900,DE
2020-04-14,129.23561096191406,133.07159737345455,126.45685248260442,131.27523070699485,2479800,DE
2020-04-15,126.59719848632812,126.61591465584262,119.3368808264352,124.54821335025056,2938200,DE
2020-04-16,121.58233642578124,126.76561613742813,120.23505773862028,125.6054563176496,3642700,DE
2020-04-17,129.5443572998047,129.62855863727444,124.44527962826471,124.94115098392328,2468300,DE
2020-04-20,128.4590606689453,131.2284540662936,125.14699830672323,127.09306586293624,1974900,DE
2020-04-21,125.42768096923828,126.48492320790936,123.96813390333172,125.3621957938469,1958500,DE
2020-04-22,127.43923950195312,129.00170397688058,125.48380689566426,128.52453450719284,1280400,DE
2020-04-23,128.28128051757812,131.06938981787638,128.10351262044037,128.81456993273883,1377000,DE
2020-04-24,129.70338439941406,130.44250868171395,126.70942639066809,129.993420690902,1498500,DE
2020-04-27,130.70452880859375,131.71498788893803,129.2169144443044,129.7034349517862,1528900,DE
2020-04-28,132.4447479248047,135.30770788728077,131.78982477591376,133.8481607908227,1752100,DE
2020-04-29,137.62806701660156,138.87241421921243,134.2972875313449,135.66328272864894,1563200,DE
2020-04-30,135.7193603515625,136.4117157484961,133.5393909357973,135.25155612353353,2054600,DE
2020-05-01,129.29176330566406,133.8388219747265,128.30937135516345,133.69847210965202,1603100,DE
2020-05-04,124.37980651855467,127.7105707686876,121.81623387795892,127.57958613894937,2277200,DE
2020-05-05,126.44749450683594,129.5350056914779,126.04518966803236,126.41942739139634,1125500,DE
2020-05-06,123.62195587158205,127.27082331693052,122.92960044102112,126.87786945945088,1150800,DE
2020-05-07,127.2427749633789,128.15031648573282,125.42769191867112,125.98906281283504,1059000,DE
2020-05-08,128.1783447265625,130.00277816486565,127.9163755290754,129.11395308223084,1727400,DE
2020-05-11,126.2042236328125,127.96317209255618,124.0242542245403,126.45684191243042,1356000,DE
2020-05-12,121.67589569091795,128.00996961904534,121.57297817859968,127.05564489357144,1392500,DE
2020-05-13,117.71826171875,122.68634773022404,116.48325877866988,122.51793077580824,2027400,DE
2020-05-14,118.63516998291016,118.78486364285406,110.26146896665423,115.07985454812383,2720600,DE
2020-05-15,117.89604949951172,119.47722328439468,116.6610463511736,117.87733332891992,1649600,DE
2020-05-18,129.02040100097656,129.9279423498217,122.10625504847468,123.48160062760071,2450900,DE
2020-05-19,127.38311004638672,130.46127045269546,126.7188359097094,130.13380171968225,1859400,DE
2020-05-20,133.14646911621094,133.866891797972,129.21691551104655,129.56308615463377,2399400,DE
2020-05-21,133.61424255371094,135.1954231431845,131.9862929620062,131.9862929620062,2100200,DE
2020-05-22,131.6494598388672,138.8536414224724,129.8250120989357,138.4700385650124,3427600,DE
2020-05-26,138.4981231689453,141.276881517043,135.15800829447846,135.15800829447846,2500300,DE
2020-05-27,143.4849090576172,144.3363161532106,140.8371354938085,142.21248102476656,1936400,DE
2020-05-28,143.29783630371094,146.27306520816046,142.3341604553196,146.13272960936803,1914700,DE
2020-05-29,142.3247528076172,143.08259336771462,138.34841689617835,141.5294941910806,2249000,DE
2020-06-01,139.53665161132812,141.2301007181033,137.9086876761326,139.72377045673784,1464600,DE
2020-06-02,143.10133361816406,144.17729208221303,140.4535595465973,140.9400800196999,1335400,DE
2020-06-03,148.15362548828125,148.61206455919012,145.0754652418019,145.14096469550552,1678800,DE
2020-06-04,150.76397705078125,150.97916304258848,146.02979957349226,146.69407371923563,1469900,DE
2020-06-05,155.98464965820312,159.15636188987366,154.9835417144776,157.08866083132762,2061200,DE
2020-06-08,157.94004821777344,159.4370273350812,156.0688314592642,156.24659933552272,1373000,DE
2020-06-09,154.19761657714844,155.18935918702647,152.62580133347407,153.00938992368555,1977400,DE
2020-06-10,150.63294982910156,154.4595846934909,150.5955317752907,153.8327287893398,1311700,DE
2020-06-11,141.361083984375,146.77826516133746,140.98684629713782,145.23450257991564,1576200,DE
2020-06-12,144.99122619628906,147.14312824250922,140.82777192118397,146.37592254791102,1598000,DE
2020-06-15,145.45909118652344,145.59007583838576,138.5823612731103,138.82562868103773,1321200,DE
2020-06-16,148.10682678222656,153.27138964298163,145.5432543808684,151.297255158565,2105600,DE
2020-06-17,145.4965057373047,148.69628582081342,144.8883657846993,148.69628582081342,1131600,DE
2020-06-18,144.89764404296875,146.77822574843103,143.71878279609223,144.5888916095906,883800,DE
2020-06-19,144.89764404296875,148.63072607245098,143.65328336647465,148.5278085946583,2046200,DE
2020-06-22,144.60763549804688,144.7666872167224,141.97857811501035,143.1480886431406,1188500,DE
2020-06-23,144.04627990722656,146.53498747663292,143.79366163422702,146.46013708921632,940400,DE
2020-06-24,140.79974365234375,142.83936355207143,139.5179501597698,142.1095899846226,1985600,DE
2020-06-25,144.50474548339844,144.87899748932878,138.74139307835944,139.611516500425,1671100,DE
2020-06-26,139.44305419921875,143.96204398350474,138.6477957131123,143.3164719748568,2302800,DE
2020-06-29,144.5494842529297,144.78458521893575,141.3615157278641,141.85992862784306,1094100,DE
2020-06-30,147.78445434570312,148.8189042858799,143.05422428633963,143.73131618365107,1836600,DE
2020-07-01,147.50234985351562,150.63388205164426,146.08233085406178,150.135469158283,1111100,DE
2020-07-02,148.48976135253906,152.27018882643273,148.1324176491272,149.4019542299391,1044900,DE
2020-07-06,150.67152404785156,151.95987288490102,148.9693951713167,151.5178818744894,947500,DE
2020-07-07,149.24209594726562,151.0100598697447,148.25466898312732,148.94117416119406,1118600,DE
2020-07-08,148.941162109375,150.28593268881994,147.50234540784115,149.77812093804124,1042600,DE
2020-07-09,148.25465393066406,150.19189782002542,146.79703951429929,148.41453520480405,1283400,DE
2020-07-10,149.60888671875,149.93803389768715,147.68105541946372,148.83776280869228,982700,DE
2020-07-13,154.06639099121094,157.34840615852912,152.02571600732304,152.96612001922122,1829700,DE
2020-07-14,159.45489501953125,159.69940923561256,152.627567356178,153.74665037752476,1651500,DE
2020-07-15,162.1162567138672,163.630307837374,159.70882459561648,160.51757266810014,1992300,DE
2020-07-16,163.08485412597656,164.83400607740202,160.71503211288464,161.7118723707546,1142400,DE
2020-07-17,165.99069213867188,166.38566006643703,163.0284255057205,164.57068737341433,1140400,DE
2020-07-20,163.45159912109375,165.63334305091786,162.40775022093948,165.38882885394722,1314500,DE
2020-07-21,165.18194580078125,166.27281781160625,163.03782597229088,164.5236659147404,1079300,DE
2020-07-22,165.031494140625,165.53930595922955,163.73373209946547,163.8089661373005,1246300,DE
2020-07-23,166.19760131835938,167.76807433705764,164.95627545213858,165.22898630891927,943800,DE
2020-07-24,164.89981079101562,167.1755862474368,164.39198470727666,166.55491630038836,910800,DE
2020-07-27,165.51109313964844,166.15997415297898,162.60524841418373,164.27916627639206,887100,DE
2020-07-28,165.31362915039062,166.58318041537126,164.24156905863524,164.47667008182216,850000,DE
2020-07-29,169.5078125,169.98741335015688,165.52049457415134,166.17878882068206,1886900,DE
2020-07-30,167.42950439453125,168.56739942967232,165.77439869284174,167.58938568536144,1235700,DE
2020-07-31,165.80262756347656,166.37627457959655,163.02843862299835,166.27282956523308,1409600,DE
2020-08-03,167.0345458984375,168.21005084220968,165.35122913270297,166.8088581328656,840600,DE
2020-08-04,167.49537658691406,168.21949176937105,166.10358252211313,166.37629340023364,672800,DE
2020-08-05,171.9246826171875,172.64878343488132,169.2257131213448,169.27273619572915,1366100,DE
2020-08-06,170.45762634277344,172.31963662132597,169.50782345481184,171.15353047864497,968100,DE
2020-08-07,172.56411743164062,172.7616085664265,169.14104777427607,170.59867670421033,1254600,DE
2020-08-10,178.59207153320312,179.94625516789557,173.4104379213057,173.97468588556816,2631100,DE
2020-08-11,181.70480346679688,184.17806978151089,180.75500089869968,180.83963378756127,1909900,DE
2020-08-12,180.8490753173828,181.3286904995733,178.29117551045033,179.88985930242688,1629000,DE
2020-08-13,178.20652770996094,179.7770004010941,177.21910080791017,177.31314693169548,1324700,DE
2020-08-14,179.73941040039062,181.69545232575305,177.20030827216536,177.94323542356992,900600,DE
2020-08-17,181.48855590820312,182.66406079668445,179.8052248722199,181.73305575921427,1025900,DE
2020-08-18,180.67979431152344,183.2094829361983,180.46349109680952,182.2596658744798,1120900,DE
2020-08-19,180.54815673828125,183.00261158385675,180.50113367162223,181.49795954732127,1512700,DE
2020-08-20,179.71121215820312,180.60459309835196,178.09371611208206,178.8742531627799,1558700,DE
2020-08-21,187.61053466796875,190.8549245028689,184.319121779057,185.03382341200043,6446300,DE
2020-08-24,193.15896606445312,194.17460405487768,190.58226841875944,192.19035114152916,3177900,DE
2020-08-25,193.3470458984375,196.92056920782255,193.1119449254819,193.72320171539656,2706800,DE
2020-08-26,198.4346160888672,199.6383318984317,192.5570918822342,194.27803269186728,2039900,DE
2020-08-27,197.324951171875,199.78880478698304,196.37514840293767,198.5756900751834,1875400,DE
2020-08-28,197.39080810546875,198.2371803762053,196.3093491671929,197.79518931635369,1261400,DE
2020-08-31,197.541259765625,198.8296086396008,195.38774094312137,197.4848378221554,1944500,DE
2020-09-01,204.716552734375,204.7447637069278,195.85794861712955,196.093049621354,1873400,DE
2020-09-02,204.1710968017578,206.6161527473785,202.81691285337868,205.2337578291936,1983000,DE
2020-09-03,198.24652099609372,205.6945173030641,196.61022758246597,204.3215358031103,1975200,DE
2020-09-04,198.74496459960935,201.24644251586489,195.7732847148588,200.48471762281105,1662300,DE
2020-09-08,197.71051025390625,200.5317217991133,195.57578950019416,197.3531521996977,1918500,DE
2020-09-09,202.67584228515625,204.3497599944584,198.29355688915223,198.29355688915223,1569200,DE
2020-09-10,202.290283203125,205.22433877496,200.87967735521596,203.052008065088,1840300,DE
2020-09-11,203.0896148681641,205.48763312475123,200.3060132528754,201.36867415913107,1902400,DE
2020-09-14,205.3184051513672,206.0613179907789,203.78554205366527,204.91402397338908,1249300,DE
2020-09-15,202.91098022460935,207.79167940383385,202.3655441688972,206.71020616685345,1740200,DE
2020-09-16,202.56298828125,205.87321392840167,202.0551765041362,204.218108279538,1572700,DE
2020-09-17,206.8324279785156,208.3935018353679,199.37501788126409,201.05834883215428,2094000,DE
2020-09-18,208.741455078125,211.9482358247841,206.37163322947995,206.3904453253412,3063600,DE
2020-09-21,201.4438934326172,204.49079239643623,197.65405312182105,203.3623107672654,2134000,DE
2020-09-22,204.6131134033203,206.00490736915785,201.74487820220853,202.27150217039423,1622400,DE
2020-09-23,201.763671875,207.51893950090133,201.6038049242167,204.6130947171904,1683500,DE
2020-09-24,203.6162567138672,206.30581244538453,198.78258123548144,200.96431082465244,1025900,DE
2020-09-25,206.1835784912109,207.76345033491268,202.02699450307983,202.1398383920796,1225400,DE
2020-09-28,208.6755828857422,210.9889823856924,208.2994271318193,208.82605092708025,1191500,DE
2020-09-29,207.76968383789065,209.85512489290937,205.7786265030752,209.15682935077356,892800,DE
2020-09-30,209.1380157470703,213.31831560528136,207.82636250591997,208.90210678716025,1883900,DE
2020-10-01,206.6939849853516,211.1668239840029,206.25048939398576,210.90260710463005,1383800,DE
2020-10-02,212.119873046875,213.75237325484693,202.9005621738528,203.1175943638258,1403600,DE
2020-10-05,214.1675720214844,218.0930857226708,212.1765000514674,214.4506512220292,2071500,DE
2020-10-06,213.37493896484372,217.64017714184507,213.27113844287885,214.460128857884,1385800,DE
2020-10-07,217.5741424560547,219.4236608084576,215.25279174172192,216.3474128720168,1029200,DE
2020-10-08,221.03729248046875,221.5751574903874,217.7062586931684,217.9704756101008,1148300,DE
2020-10-09,221.57513427734372,223.65113029235528,220.4144661996482,221.773304143653,1091500,DE
2020-10-12,223.1887359619141,224.21729549371875,221.8204669775536,223.77378553069488,1234800,DE
2020-10-13,223.8492584228516,224.1889678455153,221.27313703358212,222.8301301548604,1311300,DE
2020-10-14,225.02882385253903,227.09538849841135,223.7266018787041,224.00969549024288,1062500,DE
2020-10-15,224.8118133544922,225.85924973916303,221.15993277077996,221.43359523455135,1225200,DE
2020-10-16,226.5292053222656,229.68094540348,226.19894143518616,226.47258947869423,1652600,DE
2020-10-19,224.7457427978516,229.20913622015135,223.74549112676965,226.70850704244663,905500,DE
2020-10-20,225.40626525878903,228.3975888354008,224.35882900840704,226.283853986874,968100,DE
2020-10-21,223.07550048828125,228.2843742089628,222.75466776748036,226.01965401670464,1506500,DE
2020-10-22,223.5284423828125,224.58530982143452,221.641170871708,222.75465415186497,1246400,DE
2020-10-23,226.02908325195312,226.4725932322655,223.7549175058816,223.7549175058816,820500,DE
2020-10-26,221.0467071533203,224.1040926193719,218.68761742916536,223.73607519835335,1010500,DE
2020-10-27,215.63023376464844,221.36754174957596,215.14898464044688,220.99952432548272,1395700,DE
2020-10-28,210.7799072265625,214.67712737731625,209.9683799273405,212.3180380654776,1375200,DE
2020-10-29,215.16783142089844,216.8569331067968,209.2323543887492,209.5532014922696,1190700,DE
2020-10-30,213.1767578125,215.705694735713,210.0627569274517,214.7998124701921,1306200,DE
2020-11-02,218.6404266357422,219.149998065193,214.67715888983187,215.611363577998,1435900,DE
2020-11-03,226.4348297119141,228.00125403643824,221.20707985204777,222.33000864283537,1571800,DE
2020-11-04,220.1502227783203,226.4725794070185,220.05585344407183,224.0191207039469,1992600,DE
2020-11-05,232.15333557128903,233.16301861620607,223.9531363278939,224.41552315705724,2031800,DE
2020-11-06,233.68197631835935,236.25809810209523,232.23821465064827,232.6817246425585,1481600,DE
2020-11-09,234.84262084960935,250.88442835060383,234.35194063431783,245.90203281984117,2219500,DE
2020-11-10,239.6551971435547,242.42004326305096,235.42771258189327,235.42771258189327,1852800,DE
2020-11-11,235.2956085205078,239.93829524497164,232.09668351651024,239.6457704308399,1659000,DE
2020-11-12,234.0311279296875,237.98496454558816,232.95538360926568,236.71106475491905,1275700,DE
2020-11-13,237.5980529785156,238.35296450217783,235.04080801055036,236.68273949461013,976700,DE
2020-11-16,244.49603271484372,245.66613184941767,239.31546717628083,240.62712031498944,1927500,DE
2020-11-17,243.6561279296875,245.0810268290479,239.21161254103373,242.04251919832407,1411100,DE
2020-11-18,242.8257751464844,245.91148248279956,242.7502969572907,243.8732258048369,1618400,DE
2020-11-19,241.1838836669922,244.9018112232004,240.6271419706793,242.7880761324557,1700400,DE
2020-11-20,243.9864654541016,245.02447057364407,241.09894226540612,242.1747008795171,1614900,DE
2020-11-23,246.3927001953125,247.94972211548784,245.49626357192827,246.00583490575795,2094900,DE
2020-11-24,246.7702178955078,249.2802926872524,245.35476413457909,248.78958361974293,2345300,DE
2020-11-25,241.97653198242188,250.88445663211445,240.16475289415663,248.1856719475685,3037900,DE
2020-11-27,247.18539428710935,247.4213032227537,243.5995611868292,244.04307113773964,1072200,DE
2020-11-30,246.8740081787109,249.33691273895363,243.56183710708427,248.11961442073067,2342200,DE
2020-12-01,240.74981689453125,250.39377634836464,240.7403713209207,248.38382739799675,2086400,DE
2020-12-02,244.4016571044922,245.7604948763617,240.05149575923105,240.7497913916469,2773200,DE
2020-12-03,238.43788146972656,245.16600917435252,237.73015463623815,243.92040303601817,2079900,DE
2020-12-04,239.10784912109372,241.3348299460074,238.54166194237035,239.55135905138815,1655000,DE
2020-12-07,237.8056488037109,239.21167130578024,236.41850304897355,238.8625306732067,1598400,DE
2020-12-08,238.36241149902344,240.47614649941409,237.10737414317165,238.8530917534057,1303600,DE
2020-12-09,240.4667053222656,241.09893956117224,237.4187658126892,238.26803224734243,1373800,DE
2020-12-10,239.1644744873047,239.90995478228095,236.4939836257068,239.29658291443812,1158900,DE
2020-12-11,241.353759765625,241.5707919924081,236.68276490958252,237.26781456384197,1403600,DE
2020-12-14,238.4756317138672,244.16575422566171,238.27746186774607,243.45802740181924,972900,DE
2020-12-15,247.22311401367188,249.22361714013104,241.5518684983152,241.882132362336,2051100,DE
2020-12-16,246.40216064453125,247.5911508960969,245.00559817505032,247.08157953150052,1210700,DE
2020-12-17,249.6199493408203,249.72376424199712,246.798487826896,248.2044957977852,1525000,DE
2020-12-18,255.44219970703125,256.14992649366235,249.6482625910228,250.06346460964448,3274100,DE
2020-12-21,252.6584625244141,256.6689143105159,250.6107603533265,250.93162183799407,2147000,DE
2020-12-22,254.08335876464844,255.32893600730924,250.28050803106763,252.49802889653017,1531700,DE
2020-12-23,252.8377685546875,256.0838778820845,252.73395364610477,255.42332132922144,938600,DE
2020-12-24,254.0362243652344,254.3853650568404,252.25276740615695,252.82837150907855,289900,DE
2020-12-28,252.4225006103516,258.14092953533424,252.3281312992274,258.01825231061986,691900,DE
2020-12-29,250.38438415527344,254.3476670542564,248.03473962376185,253.9985263259981,892800,DE
2020-12-30,251.87005615234372,253.96147334058995,251.25493684758857,251.72810998666125,792800,DE
2020-12-31,254.614501953125,254.7470043192113,251.2076778221304,252.4473893667294,805300,DE
2021-01-04,253.2801818847656,259.0623449263788,249.6935206941228,257.2264304729227,2800000,DE
2021-01-05,259.5639038085937,260.01816050261755,253.10037024600223,253.2896222083608,1829200,DE
2021-01-06,274.78106689453125,277.1280158513867,259.9139762804316,260.2452032242103,2778300,DE
2021-01-07,283.6484069824219,284.43386175975706,277.7431860137098,277.9987180161315,2227300,DE
2021-01-08,278.1406555175781,284.35815788614104,274.8095268064816,281.5853411683419,1781000,DE
2021-01-11,279.0964660644531,279.3424964661768,273.4940832097554,273.94833983479487,1303700,DE
2021-01-12,285.8817749023437,287.2729052382625,278.13119572796785,280.23208584996354,1952300,DE
2021-01-13,285.0585021972656,287.68934438877056,284.48121579772675,285.4465077392039,1203800,DE
2021-01-14,286.6010131835937,289.91322558553014,285.7493071991359,286.64831895154134,1370800,DE
2021-01-15,279.5507507324219,284.9733265822182,277.2889976118228,284.05536932066883,1766300,DE
2021-01-19,279.1626892089844,283.686223423091,278.6043483507805,282.2477874263725,1509600,DE
2021-01-20,284.7934875488281,285.9764205472597,280.1280067342618,280.9418507746867,1327500,DE
2021-01-21,289.1087951660156,289.7239144860741,283.90389050672565,285.7965831101038,1931000,DE
2021-01-22,288.7964782714844,290.49041715058274,285.14356697604404,286.63881012274226,1429900,DE
2021-01-25,282.2005310058594,289.10884873618136,280.4781734863952,286.8754849128606,1539600,DE
2021-01-26,280.12799072265625,285.94801496623785,279.55070443471413,284.7934712705522,1364200,DE
2021-01-27,265.6678466796875,275.04614337212286,263.983351170544,274.24174312153264,1769900,DE
2021-01-28,277.2416076660156,281.3298306678893,267.5699471955761,271.8663675414396,1504200,DE
2021-01-29,273.3048095703125,277.23216995860514,270.181878221755,276.42776979906813,1734300,DE
2021-02-01,276.5318298339844,278.24471423735673,274.1091857425783,276.4466621370438,1163400,DE
2021-02-02,286.3076477050781,287.8975027245119,279.85355833118115,280.33620423644504,1637100,DE
2021-02-03,284.9827575683594,286.1088831703568,283.3928737298356,286.04266087390914,1185300,DE
2021-02-04,292.6765441894531,292.9509927351521,285.74931040855165,286.6010164025756,1459000,DE
2021-02-05,292.6481628417969,296.2253512172947,290.5378287712966,295.2790047806,1228100,DE
2021-02-08,300.02960205078125,300.1715482022427,295.26000920032186,295.26000920032186,962300,DE
2021-02-09,298.41143798828125,301.19369909121644,296.36735490223475,299.0644194030642,1066500,DE
2021-02-10,296.8121032714844,300.7488789407664,294.6638784274928,300.5122923371691,1070000,DE
2021-02-11,297.58807373046875,298.8751198213488,292.4683363634597,297.8057437941277,995400,DE
2021-02-12,296.2064514160156,298.8467662099826,295.52508078790163,297.2001036785888,1721600,DE
2021-02-16,300.0769958496094,304.41127881385546,299.11173285627257,299.81201999574034,3099600,DE
2021-02-17,295.335693359375,300.4649021922727,294.68274108659256,297.304109521448,1999600,DE
2021-02-18,284.14044189453125,294.7489745362625,282.52219800549955,294.1622445227068,3110900,DE
2021-02-19,312.2943115234375,317.2247681734576,298.92243229101103,302.8308475378788,4870100,DE
2021-02-22,319.4013671875,320.3855466019393,310.8936938263105,311.82112365012324,2312500,DE
2021-02-23,319.3067321777344,320.5937493784807,310.4016093701201,313.732738195757,2222700,DE
2021-02-24,327.1141052246094,327.99420045917697,320.063812881855,321.2183566631868,1941300,DE
2021-02-25,329.3569030761719,334.07916189218935,323.94380106125794,327.1613727193095,2883000,DE
2021-02-26,330.388427734375,335.39460793116234,325.59991759143,327.6251126100896,2537800,DE
2021-03-01,340.2209777832031,343.817082279239,335.3283545578226,336.00972506951547,2098800,DE
2021-03-02,332.5839538574219,340.5616464240724,331.19282360827447,340.5616464240724,1882000,DE
2021-03-03,324.65362548828125,332.5177625325178,324.41703886509674,331.1644939791512,1929100,DE
2021-03-04,319.8177795410156,325.0889070748222,313.03246310098393,322.39184292119745,2499400,DE
2021-03-05,331.0603942871094,332.96256005639884,316.21224378305527,324.88075259386704,1979700,DE
2021-03-08,334.7226867675781,340.59948900933426,330.4830450872315,335.41350106035463,1764200,DE
2021-03-09,333.7668762207031,338.2147153476447,332.9908653295862,335.68795803931897,1456800,DE
2021-03-10,341.8392028808594,342.2839867856688,332.17701549192844,332.3757401233805,1403200,DE
2021-03-11,344.9053649902344,347.1387572796841,341.4228175316386,345.416400079547,1675700,DE
2021-03-12,349.66552734375,350.8674057731215,343.8455026724159,344.04422733294325,1941500,DE
2021-03-15,354.28369140625,354.62439112243334,346.41955526009883,349.2869836504262,2004400,DE
2021-03-16,353.47918701171875,356.3655599622799,351.09440522217284,356.3655599622799,2047000,DE
2021-03-17,358.911376953125,360.35928591920185,352.2585623222983,355.901973183461,1753000,DE
2021-03-18,359.99957275390625,371.3652002157844,358.7882507349362,360.5579135638805,2753100,DE
2021-03-19,352.4951171875,359.4602128234441,351.95569280868256,357.24576571483584,3042100,DE
2021-03-22,351.6528015136719,353.6685236581338,348.8800139171077,353.6685236581338,1398500,DE
2021-03-23,338.309326171875,351.59603617784137,336.80463903550265,347.56459173837794,2911200,DE
2021-03-24,341.5459289550781,348.2555223743286,341.4512885262182,342.1137426480336,1860600,DE
2021-03-25,347.1198425292969,348.05674508915376,334.49558521671594,338.10116263380826,1970600,DE
2021-03-26,352.3153076171875,352.8925650558646,347.9999703647355,351.1229019173626,1586100,DE
2021-03-29,348.2270812988281,352.5045565726608,347.7822973415778,350.61186379801273,1413400,DE
2021-03-30,354.7254333496094,356.0440648896766,347.6388925789102,348.16064763665474,1278200,DE
2021-03-31,354.9342041015625,360.0190441621492,349.41295647605017,355.7215847930368,2053300,DE
2021-04-01,353.0177917480469,356.698622592062,350.3330781515544,356.34762060092754,1561900,DE
2021-04-05,355.5697631835937,358.5390945840219,354.71596894458173,356.3192179821867,1419500,DE
2021-04-06,356.3287048339844,362.23890912150347,355.7689949244073,356.49948685211893,1309700,DE
2021-04-07,355.5507507324219,359.43079351711515,353.2929196709265,356.46146253040945,1299300,DE
2021-04-08,354.86773681640625,355.3041153643313,349.7069879810035,353.17911135599195,1250700,DE
2021-04-09,357.6473388671875,358.6718861445963,353.397301712397,356.35716607704245,1224500,DE
2021-04-12,358.8427124023437,359.68701079833465,356.5089712337113,358.43476367628995,1165100,DE
2021-04-13,359.2315979003906,364.6674390463384,357.2963099099604,363.85159965832815,985100,DE
2021-04-14,361.9163208007813,363.32035784119176,358.4536933775547,358.4536933775547,1077100,DE
2021-04-15,362.5234680175781,366.1378854434805,359.2410607405011,364.5535994847982,1127000,DE
2021-04-16,363.40576171875,366.2422659030492,361.2712616319939,366.2422659030492,1092000,DE
2021-04-19,361.1763610839844,363.9844062067965,359.1082747756636,363.1685668002326,1145100,DE
2021-04-20,351.2628173828125,361.1953591385794,347.80968556286587,358.928060723328,1807400,DE
2021-04-21,356.3192138671875,356.53738867682057,348.4927136897777,351.6802198655472,1819900,DE
2021-04-22,349.450927734375,357.8750944951131,346.8326267594819,356.5754254655473,1880200,DE
2021-04-23,356.9548034667969,358.3019228991647,349.95366764398614,349.95366764398614,1301300,DE
2021-04-26,360.9202270507813,364.0982370660186,357.6662785423947,357.6662785423947,1235700,DE
2021-04-27,362.7322387695313,363.81373286279415,359.098857513546,361.9163991842398,925700,DE
2021-04-28,360.3035888671875,364.7718297174648,360.0664222002262,361.61275350097526,891000,DE
2021-04-29,357.06866455078125,363.18754724850953,352.9704175567712,363.18754724850953,1104500,DE
2021-04-30,351.81304931640625,354.35546910849075,349.68801623481943,353.4257653258584,1196700,DE
2021-05-03,354.58306884765625,358.35877195668246,352.7901042092648,357.17293882644856,924600,DE
2021-05-04,360.09490966796875,361.4420291818421,348.99552614244027,352.7617342712207,1692300,DE
2021-05-05,359.4118347167969,363.6618717500123,356.5563677743164,363.0167853733929,1460800,DE
2021-05-06,369.89459228515625,370.92863539051285,359.1841384152967,360.3415128090823,2010900,DE
2021-05-07,373.9833679199219,376.52578759367225,364.60104085496585,367.9024112193191,1597200,DE
2021-05-10,371.3081359863281,379.7892184952607,371.19430061590106,377.56934191890383,1601300,DE
2021-05-11,363.5290832519531,369.202091468077,358.13116752822333,366.3940462023665,1588500,DE
2021-05-12,354.4503173828125,368.5854443709872,353.3024388674951,365.0279445106576,1631600,DE
2021-05-13,358.7003479003906,360.3415516948114,347.6578826943682,349.55521607246914,1483400,DE
2021-05-14,364.28802490234375,366.8589036384704,361.0910226492948,362.21044244424166,1143600,DE
2021-05-17,363.8611145019531,365.8533204349606,359.3359845999452,362.3811967119501,1170200,DE
2021-05-18,350.71258544921875,366.48891688898686,350.71258544921875,365.4548736872035,1664800,DE
2021-05-19,340.0211181640625,343.58808513102383,333.00096169554485,343.2465790287547,2800600,DE
2021-05-20,336.9853820800781,340.57134100279137,332.53613299713635,339.56575662956027,2947000,DE
2021-05-21,341.2828369140625,349.47933089654424,334.09195624372666,339.43292531424964,3614400,DE
2021-05-24,340.9128723144531,343.8822038996433,338.0194502824821,342.98098785000224,1914700,DE
2021-05-25,342.174560546875,348.9195662212722,341.8709802846133,343.20860367363457,1682300,DE
2021-05-26,339.3760986328125,342.70592882495976,336.48267607365915,341.2165147950404,1949800,DE
2021-05-27,343.6165466308594,344.8403347421416,340.2962132839612,344.726499373838,3337100,DE
2021-05-28,342.5635681152344,344.8783172938827,339.2242426373095,343.9865682356651,1348100,DE
2021-06-01,345.8933410644531,350.2951683149837,343.41733494928667,345.70362510083254,1483500,DE
2021-06-02,338.3988647460937,346.5574035365769,337.4976488201558,345.7984818146283,1882700,DE
2021-06-03,340.4859924316406,344.7739557912494,336.359286209672,336.994905681286,1336800,DE
2021-06-04,338.33258056640625,342.88617015248576,337.07083736395646,341.7762171297075,1279300,DE
2021-06-07,337.1845703125,341.23539531472164,334.83189561995755,338.74039746815606,1537000,DE
2021-06-08,338.27557373046875,341.01723450814546,334.3386125459501,338.5981458992636,1521700,DE
2021-06-09,331.5873718261719,337.6398682033591,331.28379162426245,337.5070410083981,2000800,DE
2021-06-10,323.9128112792969,336.2075255375959,323.2771917519406,333.81689550018115,2232000,DE
2021-06-11,324.0361022949219,328.71302233107224,321.23752385773054,327.6505202243861,2028400,DE
2021-06-14,318.31561279296875,324.85191089422693,314.7960387105137,323.53327931790403,2775000,DE
2021-06-15,320.7442321777344,321.62648530207485,318.52435546922686,319.5963535229146,1722400,DE
2021-06-16,319.2832946777344,322.54671077340515,317.92670810713645,320.7442496504623,2264600,DE
2021-06-17,311.52325439453125,319.61538223482484,305.375882200863,318.5054291765587,3387800,DE
2021-06-18,312.08282470703125,314.81498890335007,306.8461959647565,307.4722903879921,2930600,DE
2021-06-21,320.5354919433594,321.37032322650293,315.46961551265684,315.8775352234174,2010700,DE
2021-06-22,324.53887939453125,325.06063449194784,318.4294636145163,321.3987949768198,1677400,DE
2021-06-23,329.8988342285156,331.24595363728173,323.96017161474475,325.08908726722217,3352700,DE
2021-06-24,332.6215209960937,336.530023253409,328.7414775823605,331.615936588183,2140200,DE
2021-06-25,332.0238342285156,337.62099066915283,329.32015741516744,335.9133733148705,6604800,DE
2021-06-28,331.928955078125,332.9345393111101,327.38483416993404,332.39379242610704,1304200,DE
2021-06-29,331.8719177246094,335.4576330198197,331.07298612976524,333.65049474207234,1213400,DE
2021-06-30,335.4670715332031,336.1138504586024,331.14903923881013,331.14903923881013,1643600,DE
2021-07-01,336.9698486328125,338.7769576120668,334.71571536165675,338.27286885955374,1467900,DE
2021-07-02,335.2674255371094,338.51072525020874,334.0404812994446,337.2362369596165,1131800,DE
2021-07-06,332.36651611328125,335.74295633012883,327.43023633130304,335.2673997347604,1924000,DE
2021-07-07,334.677734375,335.3244844175261,331.19665640398284,331.3488380067548,1309100,DE
2021-07-08,326.7834777832031,330.369193313445,322.90294849308015,328.1340713699931,1621000,DE
2021-07-09,332.39501953125,333.5743904973044,330.55934917275977,332.1287090219581,1325400,DE
2021-07-12,336.9603271484375,337.4073514389252,328.9043985266985,330.7305483374921,1608000,DE
2021-07-13,333.6219787597656,338.59631142459943,333.4412649231875,338.59631142459943,950100,DE
2021-07-14,328.6762084960937,336.1709854527744,327.6870426017638,336.11392098057,1409400,DE
2021-07-15,329.1802978515625,330.7210966547684,325.5755705482518,326.13672387622967,1516200,DE
2021-07-16,325.7467041015625,331.4248502564195,325.28066798827234,330.62591876549334,1153900,DE
2021-07-19,318.57537841796875,320.84852387595686,312.8496583691331,318.62292246777,1848600,DE
2021-07-20,331.01593017578125,332.2143421117116,318.6229261782913,320.94364473877795,2053900,DE
2021-07-21,335.7429504394531,337.2647373230664,333.7551273887703,334.7918372654037,1478900,DE
2021-07-22,334.15460205078125,336.9318654846465,333.92634416125105,335.3530140221599,810600,DE
2021-07-23,337.35986328125,338.2824442452677,334.3638334839901,335.0771683832098,796800,DE
2021-07-26,338.0826721191406,339.44278598293783,333.89778006492656,338.25389454562304,865500,DE
2021-07-27,336.2375183105469,340.16562035728464,333.40321963277773,335.1722762013984,986900,DE
2021-07-28,336.27557373046875,339.4332764554666,333.9453348282877,336.9889086157482,1250400,DE
2021-07-29,342.21051025390625,344.40757937572766,338.7294615607464,341.00260696560605,1392600,DE
2021-07-30,343.9129943847656,344.12224043511713,339.671037937461,342.12489705006544,1053900,DE
2021-08-02,338.5487670898437,349.4485166190565,337.8829762160948,346.1100998811059,1148300,DE
2021-08-03,347.9742736816406,348.9158955202782,337.0364714962129,340.0990572691596,991500,DE
2021-08-04,343.0379638671875,348.6780574084126,342.92380591718063,346.51901216221063,825500,DE
2021-08-05,346.5094909667969,347.1562408328739,343.66564339348093,346.0624667011362,794400,DE
2021-08-06,348.9444580078125,350.66597078766733,347.6985018859436,349.0585869616212,665400,DE
2021-08-09,351.26513671875,352.7869236557053,345.5108843986488,347.0707239910877,923300,DE
2021-08-10,358.2082214355469,358.96912935294966,351.45531242515165,352.8629703030949,1184000,DE
2021-08-11,367.2057495117188,367.4245159838698,357.1049325762424,358.95009439588466,1651500,DE
2021-08-12,366.7682189941406,369.5264411039257,364.92305730831407,367.1962314877571,1314000,DE
2021-08-13,365.22747802734375,368.3090755849844,363.9339779749862,367.2723656538728,814300,DE
2021-08-16,364.3048706054688,364.6092337812353,360.1009376889949,362.3741120618093,910400,DE
2021-08-17,357.932373046875,363.90536203528654,355.8209008457602,362.8496404475631,1206300,DE
2021-08-18,353.4431457519531,357.62806685632114,353.26246095604046,355.95409841457393,1374500,DE
2021-08-19,341.4306335449219,350.54228540468256,337.5310635448677,350.54228540468256,2281000,DE
2021-08-20,334.2497253417969,349.2202677623701,327.9058161643835,345.25411270463223,3498300,DE
2021-08-23,345.0638427734375,345.48233488581315,335.0296105475752,336.83671974610445,1946800,DE
2021-08-24,349.9906311035156,354.7652087179856,347.1467830173554,347.1563034371709,1638700,DE
2021-08-25,357.970458984375,360.7667340249443,349.79087992099784,350.9607595688019,1657500,DE
2021-08-26,361.24224853515625,364.2477692839976,356.7339819247278,356.94322795868726,1490400,DE
2021-08-27,360.9379577636719,364.1717660325024,359.62541683525734,361.4991110977948,1115600,DE
2021-08-30,362.37408447265625,364.885036943055,358.3318538715833,362.37408447265625,1378500,DE
2021-08-31,359.5493469238281,362.8497111191498,355.5261273578517,362.3741544859661,1589800,DE
2021-09-01,358.2938537597656,361.10916979558425,351.1414927790219,359.7110321981108,1895400,DE
2021-09-02,366.1310729980469,366.1690966312033,359.33058974653574,360.5575340191726,1333700,DE
2021-09-03,370.3064270019531,373.78750495869497,365.2274857611676,365.9218088786537,1902000,DE
2021-09-07,353.5668334960937,368.2615449530773,352.1592044496678,366.6161085663064,3627000,DE
2021-09-08,352.1306457519531,354.2040655339214,344.3980908957856,353.3290286303881,2427100,DE
2021-09-09,347.0041809082031,353.0913003637419,345.28266811747284,350.7896223789277,1725300,DE
2021-09-10,345.3206481933594,350.4471328279279,345.0638290739744,349.5626045905704,1235500,DE
2021-09-13,343.8464050292969,348.782684448976,339.53786375251167,348.1074022603032,1832900,DE
2021-09-14,338.5773010253906,344.8070811260991,337.6642114181219,344.7975607055007,1410800,DE
2021-09-15,342.18194580078125,343.1901233537174,336.71304553550726,337.7212230884434,1403500,DE
2021-09-16,337.95904541015625,343.6467128766077,335.923678226444,342.9523897814523,1681800,DE
2021-09-17,332.0241394042969,337.0079638229471,330.95889714922737,334.3258463684593,7677100,DE
2021-09-20,323.1217041015625,325.75627726700554,318.3090735390292,323.98722061329414,2410000,DE
2021-09-21,320.4775390625,328.0579108832515,317.4149540213838,325.9939828884201,1503800,DE
2021-09-22,324.1773376464844,328.6380597487794,323.2928095602717,324.9477368216585,1336800,DE
2021-09-23,334.3162536621094,335.0866529487794,328.0959658793029,328.1340185303776,1497600,DE
2021-09-24,332.1762390136719,336.09482020989816,331.4819160247609,332.7564040528572,1193200,DE
2021-09-27,335.1913452148437,338.40608362670446,331.7292790434466,331.7292790434466,1291500,DE
2021-09-28,336.6369323730469,339.1288437506776,333.3365691526968,333.5838678171125,2018700,DE
2021-09-29,334.7100830078125,339.2699308445058,334.6432999895251,338.468621961175,1320600,DE
2021-09-30,319.6377868652344,336.2173259914378,319.51376957894934,336.2173259914378,2079500,DE
2021-10-01,326.4393310546875,328.78602286167114,318.2831003175838,322.52815863502656,1740800,DE
2021-10-04,322.8524780273437,326.7827186119355,321.3070949928228,325.04653532859663,1464500,DE
2021-10-05,322.7094421386719,325.4281859872216,317.43413758926937,321.2880470235572,1401400,DE
2021-10-06,322.8143615722656,323.00516185029164,314.4864563642651,318.1400458809792,1534700,DE
2021-10-07,328.2422790527344,331.7432630525445,324.7508437998117,325.51401574997783,1139200,DE
2021-10-08,327.3646545410156,329.43469469005913,325.70477381114733,328.213648730909,1168200,DE
2021-10-11,317.27197265625,328.1946341910614,317.15750412755585,327.2215934730874,1052100,DE
2021-10-12,315.3735656738281,319.0557717273569,314.66762804857893,317.96829183164226,1410000,DE
2021-10-13,313.8473815917969,317.54868667700686,311.9394947736097,316.75689734471536,1771800,DE
2021-10-14,314.581787109375,317.5485651141867,305.7387455726745,306.7213057434189,2403800,DE
2021-10-15,317.43414306640625,320.5249096651834,316.39434848980574,317.6153946002393,1435000,DE
2021-10-18,316.55645751953125,317.9396865837894,313.503857233491,315.45942883686007,1154000,DE
2021-10-19,327.288330078125,328.0037873930532,318.7123910457042,319.4850826168639,1433600,DE
2021-10-20,328.2041015625,330.1215364488973,326.2008444052856,327.82253015693686,1001900,DE
2021-10-21,327.1356506347656,329.1771025326357,325.06561072474983,328.0895935899508,876400,DE
2021-10-22,325.0179748535156,330.17881098485265,324.0354145361062,329.1485651529424,825700,DE
2021-10-25,336.474853515625,337.4574138671383,323.50121990920894,324.6173462852176,1564800,DE
2021-10-26,325.4376525878906,337.55274048013285,325.29456695855544,337.085288608264,1386300,DE
2021-10-27,322.6521911621094,330.1406213460121,322.45184214673924,326.9544548265149,2003100,DE
2021-10-28,333.59393310546875,333.67978449601503,322.65220394798274,323.6538326163908,1897900,DE
2021-10-29,326.54425048828125,333.26953749779216,324.86530136652885,332.44916043004724,1562500,DE
2021-11-01,342.2271423339844,348.79027657869176,329.85449716651533,331.13277763328693,2391200,DE
2021-11-02,338.9360046386719,343.47678355066574,334.347540211869,343.47678355066574,1371300,DE
2021-11-03,327.2501525878906,331.04685641801404,320.000208676908,330.20738187370284,2948400,DE
2021-11-04,334.69091796875,334.700437602871,328.4616711460127,328.9481622952346,1334000,DE
2021-11-05,338.840576171875,342.1602792872309,334.84355254401504,336.5510896084187,1422900,DE
2021-11-08,344.23992919921875,348.6185541060776,341.51166562082966,342.46560882088784,1540500,DE
2021-11-09,339.4224853515625,346.44352156659824,335.7879645415948,345.3273953524356,1394500,DE
2021-11-10,336.36981201171875,339.2125725032137,334.0136008560526,337.60040657731577,1067800,DE
2021-11-11,339.6133117675781,342.0840210444212,336.0360249380116,336.8087165642352,782400,DE
2021-11-12,342.33203125,342.6086829200537,337.2475269745194,340.7675795929426,1011100,DE
2021-11-15,344.5166015625,346.9968598539669,343.0761670401168,345.43237893816666,975400,DE
2021-11-16,345.3369445800781,349.33396842435,341.70242376504825,343.3050411566138,1162200,DE
2021-11-17,337.23797607421875,343.8106584327004,333.1169637404502,343.419538242924,1647600,DE
2021-11-18,340.66259765625,348.8760626730723,340.46227776180035,347.69318257551714,2228000,DE
2021-11-19,330.2073974609375,338.5067140561049,329.6159573982628,337.43830244455927,1742000,DE
2021-11-22,333.0788269042969,338.3636806327556,327.3074528050557,331.75283182002204,1707000,DE
2021-11-23,333.1932373046875,336.8182093582908,329.0149619627983,332.9070660259413,1680300,DE
2021-11-24,350.9175109863281,357.3852734503535,342.30340556028665,342.7231428726193,4482900,DE
2021-11-26,342.751708984375,344.6595949884339,332.72578782922574,338.6497657204603,2308700,DE
2021-11-29,332.0580749511719,350.097143811009,330.4077427847546,349.1432006398618,2902000,DE
2021-11-30,329.6255187988281,336.0074006966729,326.10546630406947,330.2551247609512,3681500,DE
2021-12-01,325.8193054199219,337.4383563310418,325.67621975481745,337.33340743527344,1755200,DE
2021-12-02,334.4715881347656,337.81038961435723,327.64135075735635,328.99596302408764,1969800,DE
2021-12-03,333.1551513671875,336.7801534026037,329.1104410595832,336.3794844041903,1379600,DE
2021-12-06,338.18231201171875,341.4161633543508,334.36654035285585,336.5033631659703,1543500,DE
2021-12-07,344.69775390625,350.0684575572568,342.6086164449875,343.1237538070599,1478900,DE
2021-12-08,344.4306945800781,347.2352896329996,341.2826939837131,345.594506330692,1182900,DE
2021-12-09,345.25115966796875,347.5310689356335,341.51168925564923,343.27649012029974,897900,DE
2021-12-10,341.85504150390625,347.2352946586572,340.8820300047004,346.1477855312798,1200600,DE
2021-12-13,335.2347412109375,344.8218589851556,333.2886888789874,342.5800865821783,1375000,DE
2021-12-14,332.49688720703125,338.0297751758758,330.07389246526213,333.7656479523849,1799800,DE
2021-12-15,328.0992126464844,334.0518086466224,322.4518563322762,333.39358553752623,1982700,DE
2021-12-16,332.2488708496094,335.5685744097296,331.01827602368473,333.66068809259025,1945200,DE
2021-12-17,331.046875,334.24259022836867,325.8288050442911,333.21231537087215,2976500,DE
2021-12-20,323.0624084472656,327.6794900538523,320.83018484689336,327.14528418942314,1784700,DE
2021-12-21,333.6987609863281,336.28393807433184,326.4011036791432,326.98299486995205,1518500,DE
2021-12-22,331.01824951171875,335.4063935120904,327.71761459879235,333.0024383133304,1582400,DE
2021-12-23,333.13604736328125,335.3014879592648,330.35052039414194,331.9722354881803,997800,DE
2021-12-27,334.5955505371094,335.5590424076073,332.40149299807297,333.8800931945496,953100,DE
2021-12-28,333.6606750488281,336.87548782164095,332.8212295562125,333.19325223525306,718700,DE
2021-12-29,329.7876892089844,333.2218904856661,329.5873692921883,332.31563281819604,1417300,DE
2021-12-30,327.27117919921875,333.03140172444245,327.0893754882236,330.88806854309865,1538800,DE
2021-12-31,328.093994140625,329.0986739915306,326.3429439767173,327.55813179266335,1004700,DE
2022-01-03,335.00250244140625,335.18430614882453,329.1465892570728,329.15616709453394,1570700,DE
2022-01-04,355.26861572265625,357.62245702951014,337.4903378274851,338.8299211240391,3034100,DE
2022-01-05,355.9957580566406,369.8700724261756,355.73741926684727,356.9430586873276,3310100,DE
2022-01-06,360.1197814941406,362.1004665146074,352.3501700020912,358.3496336843117,1600700,DE
2022-01-07,362.31097412109375,365.5164250500278,360.42597987100055,360.6077835703031,1791700,DE
2022-01-10,363.4687805175781,369.2386101378051,357.85207949834955,364.8179416068092,2120000,DE
2022-01-11,364.12896728515625,366.9803885379679,359.5265247681755,366.3584423709448,1249900,DE
2022-01-12,360.0145263671875,367.29613506354366,356.4454681915401,365.80345258595935,1458900,DE
2022-01-13,363.9758911132813,367.6214843284718,362.24396714946846,362.3396579122176,1325100,DE
2022-01-14,363.18170166015625,363.6792527615491,357.3736196618444,360.40684465492967,1309400,DE
2022-01-18,367.343994140625,371.25750401650623,363.1242855006808,364.2151076473848,2685500,DE
2022-01-19,359.6795959472656,371.3531674621008,358.44525234593584,370.5302619943079,1919100,DE
2022-01-20,351.14459228515625,363.6984513463782,350.0920521381002,359.39262918174245,2014300,DE
2022-01-21,348.56103515625,355.09630252670627,344.3317487256518,351.72820376076925,1493300,DE
2022-01-24,348.3218994140625,349.77630004617,332.03633250713585,341.1838107896113,2251800,DE
2022-01-25,352.3310546875,354.2830354593783,335.66272683100937,342.7242794227756,2511900,DE
2022-01-26,356.17755126953125,364.3586297808508,350.72352812937294,353.44097646319494,2296100,DE
2022-01-27,359.7369689941406,366.3583774218226,354.4647504630105,359.4786302569145,2030000,DE
2022-01-28,357.66070556640625,360.8661565395324,348.80984960220337,356.06275439806444,2100300,DE
2022-01-31,360.1581115722656,360.5312968579843,351.1828594470983,357.8616788316729,2191600,DE
2022-02-01,361.57427978515625,363.17220203611134,355.0198551228334,358.81854865933605,1622500,DE
2022-02-02,358.3209228515625,363.3060993401963,351.0392847690293,362.2344328367616,1642900,DE
2022-02-03,354.88580322265625,360.64602472264346,353.8715162362368,355.3259456653308,893700,DE
2022-02-04,353.5462341308594,356.7038543021573,347.85299838685626,352.25451095244784,1102400,DE
2022-02-07,356.1392822265625,358.3496015319931,352.7903100424895,354.3404010670024,1087300,DE
2022-02-08,373.056396484375,375.0466301092528,358.08171131225447,360.158057866982,2647500,DE
2022-02-09,378.338134765625,382.3856170400544,375.5632781683464,375.5632781683464,1630400,DE
2022-02-10,376.185302734375,381.9838072531094,373.2573461635576,375.85039963364,1402300,DE
2022-02-11,375.72601318359375,382.4813666485064,370.60686378322384,377.25694864476566,2390200,DE
2022-02-14,370.5494995117188,380.5294315172482,367.38233040622754,377.1038943912025,1799900,DE
2022-02-15,376.4245300292969,378.9123441898805,372.2622294991873,373.8888850813025,1590800,DE
2022-02-16,373.7070617675781,377.0369078571651,368.7792936930011,374.56822030088,2174900,DE
2022-02-17,364.1098327636719,373.8218465130653,362.7415453863238,369.8509280875365,2570300,DE
2022-02-18,353.173095703125,376.0035068402065,350.2068569218389,363.3826617642604,3729400,DE
2022-02-22,338.5141296386719,354.4839461054432,337.0118692940564,349.470065333141,2359000,DE
2022-02-23,322.9557800292969,340.6287885785257,322.7070190563845,339.6815170723305,3068300,DE
2022-02-24,327.9696655273437,328.9552191086106,312.65049935182645,314.8703966690932,3599900,DE
2022-02-25,332.0075378417969,333.2801343984843,323.4150217228192,327.9122245335722,3424600,DE
2022-02-28,344.48486328125,346.75262057717697,331.0698470433711,332.9835455811941,3265400,DE
2022-03-01,343.1739807128906,346.25503649321774,335.4809044985276,345.53739954935946,2863200,DE
2022-03-02,359.75616455078125,364.7700449005822,344.8388893659465,345.2120453610899,2564200,DE
2022-03-03,365.4494323730469,369.4299288151742,359.4308715273082,361.9186562530059,2961400,DE
2022-03-04,373.2381286621094,373.9174833345623,358.3495592727449,362.5214072565834,2404400,DE
2022-03-07,353.077392578125,387.9928142777303,352.15882542404296,377.3048239225537,5456700,DE
2022-03-08,349.1829833984375,372.2143514322514,348.4079378561915,357.7276400362541,3512000,DE
2022-03-09,352.94342041015625,357.82335770281725,348.5227812958749,353.3166056552253,1744600,DE
2022-03-10,361.8324890136719,363.2294805531567,346.66642461625486,348.7715043612739,1768800,DE
2022-03-11,372.6736450195313,375.4102197746005,365.9374183290766,366.4445472480583,2144300,DE
2022-03-14,376.86468505859375,382.3091603996192,369.7744568067602,376.0418086031897,2466500,DE
2022-03-15,371.7072448730469,377.9554695690326,365.2676386387623,375.5537685067803,2197700,DE
2022-03-16,371.4488830566406,383.5817242943515,365.5259839822532,373.1711999916985,2271500,DE
2022-03-17,388.6243896484375,389.6578033838994,367.4493071179872,367.94688750940486,2783800,DE
2022-03-18,395.32232666015625,397.02551743657966,386.6436955305303,390.069232759982,2941700,DE
2022-03-21,404.0678405761719,408.3832104379426,396.5278645116209,397.09240201280585,2750200,DE
2022-03-22,409.1008605957031,417.4541645589491,404.94813860410994,406.6609068349812,2234400,DE
2022-03-23,412.8995971679688,416.22944322603735,402.4029592362855,404.8907732428386,2633500,DE
2022-03-24,413.5694580078125,416.6887964652229,407.4551761898667,411.86626720606967,1878500,DE
2022-03-25,417.6168518066406,418.0952764144152,409.646281488714,413.6841863463596,1457500,DE
2022-03-28,413.9425354003906,419.0808403440769,408.9190768940272,419.0808403440769,1656000,DE
2022-03-29,395.1022338867188,406.1729583216371,391.6766969702393,406.1729583216371,3572900,DE
2022-03-30,398.6323852539063,407.3619177901383,396.68503047295314,396.9536301229065,1693800,DE
2022-03-31,398.5459899902344,403.5534771058266,396.4739233277312,397.3373063934787,1953700,DE
2022-04-01,399.8314514160156,404.7430333277032,396.9727903053931,400.07127355080814,1480900,DE
2022-04-04,400.4550476074219,401.6733336202599,391.23626871210297,401.51984392747335,1072400,DE
2022-04-05,396.86724853515625,405.2706254045355,394.4786294696119,401.6541181947352,1399000,DE
2022-04-06,394.5074462890625,397.864956470246,389.5095607592614,393.8647100304488,1237000,DE
2022-04-07,392.790283203125,395.735306090539,385.46133387216975,393.087660312912,1637300,DE
2022-04-08,401.27044677734375,402.8340920239679,391.063630352556,396.32054290574735,1341900,DE
2022-04-11,401.4718933105469,408.2348664318935,399.5341115447311,399.5341115447311,1437700,DE
2022-04-12,402.6422119140625,410.0958737469656,400.5125900653524,405.6064101551437,1119700,DE
2022-04-13,409.8944396972656,410.5371466739638,404.061948535401,405.1363470980695,1153200,DE
2022-04-14,418.9693298339844,421.52104122876375,410.5083966736896,410.5083966736896,1522700,DE
2022-04-18,420.60009765625,427.3918480514895,414.6428943823832,414.8923187860067,1525700,DE
2022-04-19,419.9957275390625,423.5450776727861,417.0411023578434,421.895100166111,1207800,DE
2022-04-20,419.5832824707031,428.5718125613226,418.758278997222,426.5860780023565,1718200,DE
2022-04-21,407.0837097167969,423.0846663434911,406.2875130335184,422.9023991614456,1641300,DE
2022-04-22,387.14013671875,403.6782640702305,385.2599098418892,402.6422451846511,2148800,DE
2022-04-25,369.8153991699219,375.97401628086783,357.03766655398533,375.97401628086783,4496300,DE
2022-04-26,366.22760009765625,374.7365146129577,364.6160022677101,369.3548903172052,1559000,DE
2022-04-27,369.8345336914063,374.1897121431028,360.2128701808835,366.3619136349405,1599200,DE
2022-04-28,369.1534423828125,374.18010522844287,359.7332213990694,372.0504833867538,1515200,DE
2022-04-29,362.1794128417969,374.0937905829789,360.9515245586216,370.4293009671149,1526800,DE
2022-05-02,365.7095947265625,366.91827842639753,356.4716410465872,359.6948366130327,1563400,DE
2022-05-03,373.5853576660156,374.8132459126721,367.8775787410312,370.1223105696768,1468200,DE
2022-05-04,380.2140502929688,382.1901825076406,369.08629644883496,375.3120702229599,1750100,DE
2022-05-05,367.4459228515625,380.0317849184426,363.6758963089106,377.8542102803255,1465800,DE
2022-05-06,362.0930480957031,367.9543163626832,356.5100109805931,367.9543163626832,1516100,DE
2022-05-09,349.689453125,359.30151383397566,347.6365908559897,356.8553397473855,1818100,DE
2022-05-10,349.90057373046875,356.3661705774751,345.823596517708,353.0086599316721,1344100,DE
2022-05-11,349.2098388671875,359.24398974164484,347.4447513007077,350.99413094237667,1380900,DE
2022-05-12,348.20269775390625,352.60583032087914,339.87604779794475,348.06838325493834,1889400,DE
2022-05-13,351.76153564453125,354.93677853754315,348.44240531795595,349.7086440084784,1750300,DE
2022-05-16,359.20562744140625,366.8607317218213,351.12840456044626,353.9007626623679,1896400,DE
2022-05-17,368.6162414550781,370.2949964807178,361.9779515583336,365.97819784335866,1229300,DE
2022-05-18,353.66094970703125,369.41245251081807,352.3946816979707,368.3668314242223,1543400,DE
2022-05-19,349.7758178710937,355.3684870146144,341.7945293913251,349.5647732001087,2253600,DE
2022-05-20,300.5547180175781,330.35022049305843,295.1155678851033,325.8032017595364,8814300,DE
2022-05-23,321.7069702148437,323.5392147224653,303.3078242165517,304.0464950813688,4286400,DE
2022-05-24,323.3090209960937,324.1723748418307,313.8792273676484,318.79078009244506,1900600,DE
2022-05-25,329.0071716308594,331.65481720752746,322.5319743815256,323.83659266412883,2005800,DE
2022-05-26,333.36236572265625,334.71496606011243,326.54180906571014,329.4772296192831,1349900,DE
2022-05-27,346.044189453125,346.18807688902183,337.9861417409237,339.4826588997455,1968000,DE
2022-05-31,343.2142944335937,347.406381179474,340.3364284634059,343.71311399603303,2705000,DE
2022-06-01,337.8135070800781,348.29852545906635,334.36966418833595,348.29852545906635,1714800,DE
2022-06-02,346.37994384765625,346.696525506291,336.7199290848793,339.4634806588214,1161600,DE
2022-06-03,346.30322265625,348.8357588906367,342.485243069622,342.868981971924,1082200,DE
2022-06-06,348.1354064941406,348.9987603224538,343.9816707346193,348.384830881826,1011000,DE
2022-06-07,352.86474609375,353.507482393257,343.42534895395744,346.06339283558697,987000,DE
2022-06-08,340.5666809082031,349.91017322446805,339.6169944153684,346.2552854351817,1772700,DE
2022-06-09,331.2711486816406,339.2812150557389,331.24237119209977,336.8062631297243,1415500,DE
2022-06-10,321.58233642578125,327.1174212551743,319.8076466137919,323.165156802628,1327900,DE
2022-06-13,311.6728515625,320.0954040637801,309.17869541726844,311.76878627484814,1816700,DE
2022-06-14,313.2844543457031,316.9585460336851,309.4472999917712,312.89117178656977,1630400,DE
2022-06-15,317.12158203125,321.6206474748988,312.21963180841107,315.0111648791619,1442500,DE
2022-06-16,304.6412353515625,310.7039452872501,301.83052726284257,309.4089000448722,1799600,DE
2022-06-17,309.5816345214844,313.1885692161297,301.9169275705294,301.9169275705294,2329100,DE
2022-06-21,315.864990234375,321.2370129884012,314.5028166290822,317.4286355515016,1425400,DE
2022-06-22,304.9866638183594,310.67523905290216,304.6988889047888,307.9316872929651,1636100,DE
2022-06-23,285.3979797363281,304.190441147225,283.55613262075144,301.9744866758515,4232900,DE
2022-06-24,298.2140808105469,301.08234472595154,287.16308525414166,288.6211935748994,2297000,DE
2022-06-27,302.49249267578125,307.6342953272285,298.54022791860604,304.69887424932,1708300,DE
2022-06-28,296.5736389160156,307.14498774473134,295.92132975602124,305.4278823919664,1818100,DE
2022-06-29,289.4681396484375,296.29444296361424,286.618236979982,295.7841560393716,1800800,DE
2022-06-30,288.33203125,293.2616021122273,283.34469427474346,286.71452132006164,2082100,DE
2022-07-01,290.4117126464844,293.5312004218743,283.37359019159925,289.4103843376012,1373600,DE
2022-07-05,281.2650146484375,283.8356947216379,277.00939173836804,282.94029062344714,2147900,DE
2022-07-06,278.38629150390625,281.0917793639076,273.2545089206544,279.06023940725834,2083200,DE
2022-07-07,292.6646728515625,293.2616089551667,284.54821057340746,286.74341106742065,2051800,DE
2022-07-08,293.3097229003906,296.5639879240494,290.0554284941755,293.367489006088,1516100,DE
2022-07-11,287.3114624023437,292.6743085880404,286.78190051362697,289.3814931753553,993900,DE
2022-07-12,284.9525451660156,290.0650514602195,282.237449911381,283.06545039052827,1210200,DE
2022-07-13,285.7420959472656,288.04322067871044,280.45629056026945,281.16875892545755,1199900,DE
2022-07-14,283.3831787109375,283.8934656189729,277.6159699639352,279.26236291136115,1366800,DE
2022-07-15,286.6278686523437,288.505326068,282.2855964530959,286.98410280586296,1184500,DE
2022-07-18,286.8685607910156,295.0813091485009,285.9057531083911,289.93991964919275,1056200,DE
2022-07-19,300.00128173828125,300.5886097808171,289.6318522110732,290.3443205874506,1282200,DE
2022-07-20,303.6310729980469,304.23764665180045,298.6726183894835,299.87612821595826,1152500,DE
2022-07-21,304.7672424316406,304.9790613599129,297.1321529143036,303.1112115513029,1223300,DE
2022-07-22,300.64630126953125,308.55094319366475,298.9132300136585,306.01875458285974,1110700,DE
2022-07-25,310.9483947753906,311.36242445469804,300.3093804781995,303.1785582622243,1433100,DE
2022-07-26,307.5689392089844,313.6442535972968,306.4135581870696,311.72824624624553,1122600,DE
2022-07-27,313.5960388183594,314.9054723650163,306.79861986737325,309.061223485915,1148200,DE
2022-07-28,319.2959289550781,322.0495449312554,311.82453164381474,317.38955909133705,1295600,DE
2022-07-29,330.4163513183594,331.88944597704017,320.6149756316449,323.5515274692409,1880300,DE
2022-08-01,325.6119689941406,329.2321356885552,323.4937801021828,326.2666712398142,1238900,DE
2022-08-02,320.8171691894531,326.4592380071777,318.53531947309665,322.54060332688414,1271500,DE
2022-08-03,323.9945068359375,326.0260174703067,321.125328618762,324.6780922410373,1142800,DE
2022-08-04,329.64617919921875,331.9376667420242,324.1966828651482,326.48817040795365,1333900,DE
2022-08-05,330.54156494140625,331.76432034912153,324.7743552471528,324.9380161295504,917100,DE
2022-08-08,330.9266052246094,336.2509302905804,330.0504467476069,333.9787183671907,953200,DE
2022-08-09,330.89776611328125,334.5179327174605,330.33935053708143,333.3721891248093,1146300,DE
2022-08-10,339.2549133300781,343.9630571736058,335.6251388118038,335.91399875667094,1136200,DE
2022-08-11,348.4594116210937,349.98063501552986,343.9245657313349,347.09221161787764,1718800,DE
2022-08-12,354.4673156738281,354.87167848703746,348.25719374220154,348.9696914792683,1256500,DE
2022-08-15,352.43572998046875,352.6668237975594,345.7442344149542,348.9792540286452,1196100,DE
2022-08-16,356.2196350097656,359.4835381232456,349.5088635704182,350.7605019383775,1431500,DE
2022-08-17,351.1263732910156,353.78373217873946,348.8060030043898,350.9145544031164,1722500,DE
2022-08-18,354.3036499023437,356.18113695536186,349.2585461909377,350.89533128241834,1983500,DE
2022-08-19,355.9114990234375,356.1618384286411,339.91924779738235,345.2917312344544,4242200,DE
2022-08-22,355.89227294921875,359.24282513448543,347.78541871724553,349.8362039382613,2353600,DE
2022-08-23,360.9373779296875,371.63415804439046,354.7850222369364,354.7946597169602,2389800,DE
2022-08-24,367.1956481933594,368.12957294668746,360.20565407293367,364.673096426088,1566300,DE
2022-08-25,373.7138366699219,373.9834216749956,367.4074574177189,367.7925746560296,1325400,DE
2022-08-26,365.2700805664063,378.3161163856644,364.5961032561399,376.6312024925649,1452800,DE
2022-08-29,366.4542541503906,371.094994690512,360.6292788485906,362.16977716935406,1323400,DE
2022-08-30,355.02569580078125,365.6454633741671,351.92545388470137,365.13517647722966,1622700,DE
2022-08-31,351.66552734375,356.26774716968816,350.97230459503896,356.26774716968816,1500200,DE
2022-09-01,350.2405090332031,351.19370853450795,343.9630140775829,345.62868179835203,1349900,DE
2022-09-02,348.7481994628906,356.6047136674645,347.4002745857095,356.1907134163587,1141700,DE
2022-09-06,347.6313781738281,351.3863226768795,342.2589236360103,349.6821634669536,1092600,DE
2022-09-07,352.3299255371094,353.32161649954,343.93423946759924,344.5696962079769,913100,DE
2022-09-08,354.775390625,356.6624854832413,349.4029072236766,350.23093712169293,1227200,DE
2022-09-09,358.4051818847656,361.3032425900007,358.26076660000786,359.1465332682293,1240300,DE
2022-09-12,360.1189880371094,362.0157205140412,356.0751836613216,361.33213522635793,1129200,DE
2022-09-13,349.7880859375,357.61571858867995,348.4883188245528,351.9544036358311,1085700,DE
2022-09-14,347.47735595703125,351.6655760867332,344.28082676255195,350.7990548763794,1121700,DE
2022-09-15,345.426513671875,351.03969911006794,344.983630349657,347.47729880804746,970000,DE
2022-09-16,341.3153381347656,342.84619888991426,336.1450653584472,342.08557256088926,2422600,DE
2022-09-19,349.20074462890625,349.6917859830253,336.53982861355576,337.252296944975,1008700,DE
2022-09-20,342.3647766113281,347.04403717687217,339.42822496431614,346.4952297519368,1434000,DE
2022-09-21,336.7997131347656,347.6601813304791,336.7997131347656,346.8995551243652,1007100,DE
2022-09-22,333.2566833496094,340.88210501080823,333.06411002801235,339.3994020882528,1006400,DE
2022-09-23,321.7896423339844,330.3393807838904,316.3979124718076,328.7892448590787,1717600,DE
2022-09-26,319.8832397460937,326.22813933807925,318.4583030707383,318.737496164792,1331600,DE
2022-09-27,323.1953125,328.98179673114487,319.9795380012916,323.4071313894988,1180100,DE
2022-09-28,333.03521728515625,335.12452317174007,324.5336372082293,325.62161474023634,1292600,DE
2022-09-29,329.3934936523437,332.87096751629326,326.92062989994884,329.3934936523437,1589500,DE
2022-09-30,322.5255126953125,329.4514533124635,322.30333051544363,327.2297494292214,1697200,DE
2022-10-03,332.33966064453125,335.9427143558501,327.6354241032978,328.0507812462103,1536900,DE
2022-10-04,348.0269775390625,348.4230260886189,338.0872054449003,338.1548299609168,1639000,DE
2022-10-05,343.6607666015625,347.4183781411968,343.19712306518187,343.19712306518187,1073700,DE
2022-10-06,343.3710021972656,347.109275743061,341.0237182702122,342.18285663325526,915100,DE
2022-10-07,344.0278625488281,344.2693534013092,337.7974162421336,340.067406672365,1351700,DE
2022-10-10,347.43768310546875,352.8470836437294,343.64145429736345,346.0660316864287,1366900,DE
2022-10-11,350.9634704589844,357.65761924986293,343.9795739174351,344.6750687471811,1457200,DE
2022-10-12,348.91558837890625,351.86179407245294,346.2495497697123,350.56740681373606,1179400,DE
2022-10-13,354.6727905273437,355.85126704113645,337.18884728980777,342.05728154582664,1596600,DE
2022-10-14,344.984130859375,359.72471007730945,344.29827572390667,355.841548406638,1231700,DE
2022-10-17,350.2486572265625,354.68242558823266,348.6838012728981,349.0895188618191,1077100,DE
2022-10-18,358.6718444824219,361.21233277661946,353.3010906843266,359.2031125264928,1214800,DE
2022-10-19,358.6815185546875,361.8015613118279,354.9915314790801,357.4064398564888,817800,DE
2022-10-20,353.0788879394531,361.34753126839473,351.3401658247996,359.17411388564784,788300,DE
2022-10-21,370.02191162109375,370.5725177952954,350.712314046424,352.15158997795965,1387500,DE
2022-10-24,372.755615234375,374.2528466512081,367.1723187124574,368.6792486749912,1059700,DE
2022-10-25,378.3002624511719,379.140645917862,370.0992423714336,370.92995677059616,1402500,DE
2022-10-26,377.8655090332031,382.2992769537294,375.006265976685,381.33331367312167,1157500,DE
2022-10-27,381.1594848632813,391.6112156628239,380.2804546539693,384.4534235117373,2043100,DE
2022-10-28,383.3425598144531,384.1926122756809,376.8899317371139,380.3963539213858,1712300,DE
2022-10-31,382.34765625,392.2004656598105,381.5652282211842,382.4442584898625,1638400,DE
2022-11-01,375.4796142578125,384.4534222421184,372.6010622743311,384.4534222421184,2269000,DE
2022-11-02,372.81353759765625,383.8061748996026,372.5237309279804,375.47957618974345,1719300,DE
2022-11-03,380.2322082519531,384.4341552736026,367.3172812782345,368.2059511691055,1627400,DE
2022-11-04,381.6424865722656,390.2395551708525,380.1066082618606,386.9842631407301,1548500,DE
2022-11-07,385.19720458984375,385.2358513789407,380.49296766833737,385.0136691902116,1186300,DE
2022-11-08,390.7998046875,394.8568331231596,384.9846863780944,386.20180964822345,1360800,DE
2022-11-09,383.5743408203125,391.1281804593369,382.92716195533455,386.7233904273274,2182800,DE
2022-11-10,393.7363586425781,394.1324072055441,381.8163728759066,392.4806179142399,2370900,DE
2022-11-11,392.2101440429688,399.42589229699286,391.3600914781729,392.770389881294,1519200,DE
2022-11-14,393.0890502929688,396.5085681300059,388.6359448008467,390.8093619086586,2035700,DE
2022-11-15,393.1181335449219,398.9139140550199,388.12408970135385,397.7451065728988,1701100,DE
2022-11-16,392.5675354003906,394.6733286208018,388.36558854832265,393.388610218658,1101600,DE
2022-11-17,398.9331970214844,399.55142771927166,387.90191200246034,388.9451394563986,1284100,DE
2022-11-18,400.1599731445313,401.860048536872,397.28139184740303,400.97137879337,1590800,DE
2022-11-21,397.6871337890625,401.1452697052978,392.67378150807406,399.1843652306876,1326000,DE
2022-11-22,402.3816528320313,402.6424522995858,397.4455947281324,399.9087892471691,2195200,DE
2022-11-23,422.6282653808594,433.1379511241881,414.28235754159687,414.90055874357193,5080300,DE
2022-11-25,426.44384765625,427.3518555770853,417.8274414751949,420.9378446876841,1135500,DE
2022-11-28,426.1926879882813,428.5400013690054,422.04872637749696,422.49306127128494,1974800,DE
2022-11-29,425.9609069824219,429.3997345324049,421.3725805598409,428.6849310071765,1643100,DE
2022-11-30,425.9898071289063,426.6563241514304,418.1848367853153,426.1926511639344,2397200,DE
2022-12-01,426.7723083496094,429.3804214492095,421.5174648372949,425.3426718350254,1747400,DE
2022-12-02,430.4429321289063,432.46182155569136,423.7198351876374,427.1780006324897,1471200,DE
2022-12-05,422.0197143554688,427.1103302625316,420.19402959427526,426.057433817793,1467600,DE
2022-12-06,423.33343505859375,424.3090674682338,418.899666851804,424.1834875170292,1015900,DE
2022-12-07,425.6517639160156,426.8012627138482,420.8895714557741,421.3822222202347,1433800,DE
2022-12-08,427.8541870117188,428.3951241894277,422.7056147556752,428.2212578420638,1200200,DE
2022-12-09,420.0105590820313,429.4093939229695,419.59520187964375,428.2888728001908,1340400,DE
2022-12-12,422.1742248535156,422.53165601676073,416.9483896342895,421.2758861097026,1591700,DE
2022-12-13,422.3095397949219,424.6954705641138,418.0303290221303,423.9033735038301,1675500,DE
2022-12-14,423.5169982910156,427.1973165113572,419.5855201517554,424.6954748260636,1767500,DE
2022-12-15,415.161376953125,421.9520978055541,411.5679922807287,420.194037516192,1561900,DE
2022-12-16,416.4171447753906,418.26213834574185,407.3081172900397,410.3026096266247,3097300,DE
2022-12-19,417.9433898925781,419.8463389362393,415.0744774659186,417.3348282446711,1327700,DE
2022-12-20,420.5417785644531,422.1646193526215,415.1034298128654,417.363780453442,985200,DE
2022-12-21,426.6080932617188,429.38040352347895,421.2083318746268,422.947083694726,1220500,DE
2022-12-22,421.0247497558594,425.53581133721207,415.7119516062669,425.3522759519173,1223600,DE
2022-12-23,422.058349609375,422.9760265620439,418.4746339184335,421.0537689735558,735600,DE
2022-12-27,421.3049011230469,427.1972833407607,420.9185216862328,423.1402255570597,713800,DE
2022-12-28,415.5380859375,422.9953238037527,415.19035329883553,422.12596272823095,821700,DE
2022-12-29,415.2088317871094,418.2310636915465,413.0486968840133,416.2646737305616,835300,DE
2022-12-30,415.3250427246094,416.2743160261828,411.50849816578585,413.5039467956691,760200,DE
2023-01-03,410.9951171875,414.7438481608223,407.0332786093242,414.5888581244446,1166300,DE
2023-01-04,410.2104797363281,413.0002115662663,407.0429246077237,410.6463614778848,1050800,DE
2023-01-05,401.7346801757813,410.220170418436,399.6810843476869,409.3290146535088,1485000,DE
2023-01-06,413.1067810058594,415.1119257051791,402.9745480539808,403.158596865686,1042200,DE
2023-01-09,414.7825622558594,420.6720352521989,413.106760366127,414.5016409949776,1200300,DE
2023-01-10,423.7233276367188,424.2270525982137,413.5136149107005,413.5136149107005,1079200,DE
2023-01-11,419.8971252441406,426.0965784383009,416.6133350592702,425.960951080912,1130000,DE
2023-01-12,422.4253234863281,426.1934463738789,417.7854075834576,421.3694816658347,1205500,DE
2023-01-13,425.8544616699219,426.4647257266053,419.6356155224432,420.2943305958339,985700,DE
2023-01-17,424.46923828125,431.1917792851557,423.9655132968318,426.2903046084282,1767700,DE
2023-01-18,412.641845703125,429.235092008885,412.2931402797579,425.33137085910994,1390800,DE
2023-01-19,395.7967224121094,410.0070284986211,395.0992820816391,408.9899415656256,2241000,DE
2023-01-20,397.7340698242188,398.5283826481327,393.3460161856266,397.482207328508,2781500,DE
2023-01-23,396.5135498046875,400.6110156934528,394.5762187187832,398.5574494722063,1390500,DE
2023-01-24,403.6138610839844,406.0355247991367,392.3192179691552,395.6998510558839,1319700,DE
2023-01-25,400.6788024902344,402.39332974413577,396.4166507381783,400.2235285331431,1002000,DE
2023-01-26,408.0019226074219,408.1084616235559,398.7608454108093,404.6503186753361,1191100,DE
2023-01-27,405.0765075683594,409.6195508576754,404.5340572855745,408.0018961233672,1324500,DE
2023-01-30,407.4207153320313,412.4093367462327,404.9021791190259,405.6093155763108,1376100,DE
2023-01-31,409.5905151367188,409.7842600606169,403.0229642505925,408.59279085742594,1269800,DE
2023-02-01,413.6104736328125,416.3614801137504,405.3865129726333,408.81559713014633,1112100,DE
2023-02-02,393.81097412109375,413.3683342679263,389.2776263659155,413.25209912979255,2551300,DE
2023-02-03,393.3363037109375,400.7465887445432,392.2320404320691,393.7625188884164,2295500,DE
2023-02-06,397.3756713867188,399.9716879148356,392.3289026865301,392.7938727834437,1378100,DE
2023-02-07,396.6878967285156,400.45601982514,392.0964315814379,395.4092806970544,1313100,DE
2023-02-08,394.9152526855469,398.60586599363165,393.2975682418457,393.3363231402557,1061500,DE
2023-02-09,395.2252197265625,399.6035771401865,394.37278935758746,398.1990003420356,1262700,DE
2023-02-10,404.6986999511719,405.3283265087805,395.3704480138625,395.85478068299534,1357000,DE
2023-02-13,402.31585693359375,410.1233286000049,401.16317210528905,406.2389702167251,1428400,DE
2023-02-14,396.4844665527344,402.36427313031385,391.47648255907046,402.36427313031385,1503000,DE
2023-02-15,397.1916198730469,401.0275270722186,392.8132327838311,393.9272217858701,1424800,DE
2023-02-16,390.33343505859375,396.4457118962108,390.20750381589306,392.2804621405744,2122500,DE
2023-02-17,419.7324523925781,422.7062626215546,402.48052191672167,405.8708512228794,4888700,DE
2023-02-21,413.784912109375,424.1593127780244,412.33191365757926,418.3860738733948,1936300,DE
2023-02-22,413.0486450195313,417.485119848065,408.524964285068,415.925582636806,1356300,DE
2023-02-23,411.7312622070313,417.8532353101706,407.1301010456387,416.5068056264101,1086900,DE
2023-02-24,404.3403930664063,410.43327818485193,402.1996208840396,410.3267391621607,1031200,DE
2023-02-27,408.41845703125,409.7261614246645,403.6720017897144,405.4737055076389,920200,DE
2023-02-28,406.1033020019531,408.9608769617076,404.1078534995496,408.5734166861453,1465200,DE
2023-03-01,406.5973510742188,410.56888560924574,403.7494720871371,405.2315291468367,1354000,DE
2023-03-02,408.1375427246094,409.99739360324594,404.6697330334073,404.6697330334073,959800,DE
2023-03-03,416.79736328125,418.1438224288625,408.7865107548899,409.52267638571874,1097400,DE
2023-03-06,412.3705749511719,418.46348912321554,412.2737024904988,416.8167459757471,1007500,DE
2023-03-07,405.0474853515625,413.55236752029066,404.80531896912566,412.2156043594272,1181500,DE
2023-03-08,410.9951171875,412.7677621486651,405.15406506506895,405.65776051230137,1365900,DE
2023-03-09,408.215087890625,419.3256839876891,407.69200016673176,412.6709261951108,2082000,DE
2023-03-10,383.5237426757813,406.6167257536556,382.7003710491096,405.24123723216655,2354300,DE
2023-03-13,385.7420043945313,390.0913033433798,374.1373802260592,376.6849754044874,2000700,DE
2023-03-14,389.8394470214844,393.6075404902366,384.8023745359425,391.6895721349281,1636600,DE
2023-03-15,378.2445373535156,384.075893364795,370.4177030983213,382.3226110714659,1964100,DE
2023-03-16,378.854736328125,381.01487096001057,372.6262244746494,375.45474064317546,1621800,DE
2023-03-17,373.4205627441406,377.75049885646735,369.4393615953711,375.0673059737685,3124500,DE
2023-03-20,382.1385498046875,384.25023355553134,375.3481950113982,376.9658794459451,1325100,DE
2023-03-21,389.97503662109375,391.8639461537845,387.2143340584398,388.2314505611675,1341700,DE
2023-03-22,382.59381103515625,391.5442707327821,382.4388210088839,390.99215386826,1202400,DE
2023-03-23,379.5715942382813,388.1539566535876,376.85931301465945,382.6228847486955,1566800,DE
2023-03-24,374.3892517089844,376.4137592510734,369.545923743797,375.2416821606698,1361500,DE
2023-03-27,380.6952209472656,382.6519145295219,374.46667958835263,378.54478244896177,1392700,DE
2023-03-28,382.9619140625,384.49239255640816,380.09467243926713,382.06106223580736,982000,DE
2023-03-29,388.2314453125,389.1322971125721,384.1824011467301,387.1271524778379,1455000,DE
2023-03-30,392.2737121582031,394.9944492707456,390.60239374512406,390.9133139481214,1267900,DE
2023-03-31,401.1939392089844,401.8546855202701,394.50866448492496,394.50866448492496,1779200,DE
2023-04-03,403.2441101074219,407.5292929892871,401.3590175112143,401.3590175112143,1632200,DE
2023-04-04,386.4046630859375,403.13727061183545,384.5292967861442,401.7769020434313,1801600,DE
2023-04-05,363.2394104003906,383.0425798737927,359.6149735994848,382.2360555775273,3265700,DE
2023-04-06,359.1874694824219,362.63700854541634,355.73796007324,361.65558596227686,1848500,DE
2023-04-10,366.6500549316406,367.8938246807797,358.0797183675434,358.8376400950843,1486500,DE
2023-04-11,370.0509948730469,375.2398778922154,367.14563316335074,367.14563316335074,1543800,DE
2023-04-12,373.51025390625,377.7468343938546,371.9652311120261,372.6357037498788,2166100,DE
2023-04-13,373.850341796875,376.4059072419122,368.3311151577336,374.8026146343835,1627000,DE
2023-04-14,376.7945251464844,378.8156693140817,374.2972891098361,375.7256833322164,1113200,DE
2023-04-17,380.3412780761719,382.12919523625857,377.9897606051933,378.3007104557675,1116600,DE
2023-04-18,385.4620971679688,388.299432944813,380.90484045451177,382.0903107869767,1402000,DE
2023-04-19,381.653076171875,385.1706410520198,379.08781382299344,384.0531667857147,860000,DE
2023-04-20,379.3112487792969,381.2740937421763,375.08439476357233,379.6610747707624,1336300,DE
2023-04-21,375.7549133300781,379.47649653951066,374.39451499607344,378.8740496706982,2556900,DE
2023-04-24,377.0569458007813,381.5461768340281,375.3273280075864,376.35732345444336,1132800,DE
2023-04-25,368.7294921875,374.80259235024914,367.9326943292331,374.1223932704975,1688400,DE
2023-04-26,364.007080078125,367.4857688970598,361.8499430953904,364.3860558099977,1416500,DE
2023-04-27,361.3251953125,363.4143359654967,355.53389494617045,361.8790691981322,2741600,DE
2023-04-28,367.320556640625,367.7092588117104,360.4992605529735,361.29605848836127,1999300,DE
2023-05-01,371.304443359375,373.7336831800071,368.6905789400703,369.19587980119786,1184100,DE
2023-05-02,372.9368896484375,375.9297297476664,363.6474788408692,373.14096714643495,1547800,DE
2023-05-03,371.4016723632813,378.9711930374168,371.3239497255041,374.35563671359455,1235400,DE
2023-05-04,363.0159301757813,373.1507130394553,362.7632797090975,371.28507319662185,1382900,DE
2023-05-05,370.3036193847656,371.89721503407776,365.3965665217795,367.3982578786807,1862600,DE
2023-05-08,369.4874267578125,378.261840992102,368.1270582047851,375.0649526521299,1106500,DE
2023-05-09,370.6437683105469,371.84866200338297,365.7172618928065,367.0484808251454,1478700,DE
2023-05-10,369.6235046386719,375.3273561696643,365.5132193388022,374.7832087098846,1014600,DE
2023-05-11,362.2385864257813,366.32941857953074,359.6927474656738,365.2605469712156,1825100,DE
2023-05-12,363.3949279785156,366.81528766762,360.7907598232096,365.47434226875487,1330500,DE
2023-05-15,359.7315979003906,364.1819825582032,359.39149834122503,363.8030068527244,1466300,DE
2023-05-16,352.4147033691406,358.40035437602086,352.00660764924487,357.5841332824202,2181300,DE
2023-05-17,357.6521911621094,362.1802985531274,353.7945564533677,354.6690770138724,1843900,DE
2023-05-18,360.0328063964844,360.654706096485,355.3492540162732,356.94282010335746,2034300,DE
2023-05-19,353.26007080078125,381.876530013164,351.2389561578022,379.7582398389109,7518400,DE
2023-05-22,350.29644775390625,355.49502787463643,345.7974900187261,349.509376276889,2936200,DE
2023-05-23,350.27703857421875,352.7645783441159,344.41771198010593,347.16759903494074,2111400,DE
2023-05-24,344.0581359863281,348.537670348489,343.00871726447065,348.1878443386624,1717000,DE
2023-05-25,344.83551025390625,347.2744769084446,340.8807000840643,343.65003984795743,1540000,DE
2023-05-26,347.0994873046875,349.40240186410244,345.2338477657867,346.5942161074448,1412900,DE
2023-05-30,340.705810546875,346.96353584467573,336.634401488572,344.95211778742294,2094800,DE
2023-05-31,336.1874389648437,340.3074210819228,335.76958709051485,338.3446055675019,3384700,DE
2023-06-01,342.59088134765625,345.59341856513856,337.0133258905436,339.3454201191756,2116800,DE
2023-06-02,360.5672607421875,361.6069826336162,347.5465395902464,349.8786041817596,2855300,DE
2023-06-05,353.35723876953125,360.6935612434804,352.87139077736805,360.6935612434804,1476800,DE
2023-06-06,363.1130981445313,363.8612934252853,351.55961791286524,351.9677433002466,1927600,DE
2023-06-07,371.0130004882813,373.0729914116494,359.6052684642278,363.39490685949977,1928800,DE
2023-06-08,369.99267578125,373.1312645411732,367.835509471969,370.9643717826593,1317100,DE
2023-06-09,368.146484375,372.5191166790575,366.3974433149013,370.92555054822697,1254800,DE
2023-06-12,376.1726989746094,377.0860956397259,367.2816859912999,367.9521586423708,1527000,DE
2023-06-13,386.9682312011719,389.4460739577021,378.1841201296547,378.7865669449788,2141700,DE
2023-06-14,387.7553405761719,393.6535433810882,387.03629490738217,388.6784637891966,1900100,DE
2023-06-15,395.0138244628906,396.45194513532056,388.20225606032585,388.8824254288131,1471200,DE
2023-06-16,396.0924682617188,398.34681022974746,394.0130244669482,396.2284902896494,2119900,DE
2023-06-20,396.43255615234375,397.3847992812821,388.6784111740501,390.4663283069936,1700700,DE
2023-06-21,404.79888916015625,406.16898426841874,393.5660842163299,395.4026041445794,1868200,DE
2023-06-22,403.9243469238281,406.53821175816864,400.3193627606676,403.08867287286097,1518000,DE
2023-06-23,393.0024719238281,399.6877157134256,392.63322268713387,399.4447917054752,2033400,DE
2023-06-26,398.5799865722656,404.0797895177672,393.48830899644673,393.48830899644673,1360400,DE
2023-06-27,397.9192199707031,399.8528854316891,389.2905551467904,399.1143870167646,1404900,DE
2023-06-28,393.7312316894531,401.11609757818377,393.3814057089148,398.5022329617104,1676100,DE
2023-06-29,391.4699401855469,395.5441912695553,385.00765503914255,391.52841998135005,1871600,DE
2023-06-30,394.9398498535156,398.26359013881097,393.1171602847728,395.2127654614733,1847900,DE
2023-07-03,396.1972351074219,397.00622540514894,389.6082341576805,392.05474789108695,652600,DE
2023-07-05,394.4233093261719,398.4975606216309,393.55580940078113,395.7294077428493,1398600,DE
2023-07-06,391.0216064453125,394.4915466644448,389.6375151296573,392.7565765548786,1390700,DE
2023-07-07,395.0276184082031,398.0979268139387,389.3256000857947,389.3256000857947,1013900,DE
2023-07-10,396.7918395996094,398.4000935960322,391.7623685640949,392.9417806076365,1005500,DE
2023-07-11,403.33203125,404.0143351496873,400.02780402491646,400.02780402491646,1131200,DE
2023-07-12,397.3571472167969,407.445298508603,397.1914346345418,406.4511122517888,1376000,DE
2023-07-13,399.1896057128906,400.80761627841497,394.8521951671959,397.8835072493993,999400,DE
2023-07-14,404.12158203125,404.4530072154472,398.73147582475,402.72776393027056,984200,DE
2023-07-17,409.9600524902344,412.7087218527713,404.41399051758106,404.47247031290544,1509100,DE
2023-07-18,420.6427917480469,421.0326669687606,410.0964989652555,410.6618433190271,1575900,DE
2023-07-19,425.13616943359375,426.7346666935182,420.7110100173937,421.3153210453738,1664800,DE
2023-07-20,428.5086669921875,428.87905887621713,424.0445107786153,427.6801635272118,1284900,DE
2023-07-21,425.8769226074219,429.1031867635152,424.2979086996749,427.9043212571887,1195300,DE
2023-07-24,431.3937683105469,435.6922118221537,425.214155273858,425.8964592263948,1301700,DE
2023-07-25,435.03912353515625,438.616296194393,429.3371354810862,429.8829667144824,1160700,DE
2023-07-26,421.9976501464844,435.40954238582094,420.5940755319904,432.3099941728023,1759500,DE
2023-07-27,417.7771606445313,423.021067111332,413.72239292947927,422.52395910374696,1977000,DE
2023-07-28,416.3053283691406,419.248950072584,414.2779594883646,417.91361190048434,1194700,DE
2023-07-31,418.7323913574219,421.9391723770421,416.1299214047509,418.6349151137522,1169600,DE
2023-08-01,422.4752197265625,427.6996128983456,419.1319959788719,420.4380942718177,1115800,DE
2023-08-02,419.6388549804688,423.9567818596818,416.2371512432179,419.74608777141657,1077900,DE
2023-08-03,413.2155456542969,418.4496954154208,410.58383595250746,416.41256994435525,1083400,DE
2023-08-04,413.3130187988281,419.12223965222455,412.63071488256105,417.63094543119183,961200,DE
2023-08-07,420.399169921875,421.8709810452804,413.41056571412247,414.0246036490549,1009400,DE
2023-08-08,419.5705871582031,420.17489817552735,413.66389017286485,416.19812357230217,1354400,DE
2023-08-09,425.0581970214844,428.2649779887924,421.53953372332376,422.0463685383354,1361300,DE
2023-08-10,423.57666015625,430.30210443568194,423.1770283847952,425.6332690642059,1283900,DE
2023-08-11,424.0639953613281,426.3350400169917,421.6272381255822,424.2686746403707,1216400,DE
2023-08-14,426.5689697265625,427.2999968643618,423.2062329944572,424.492847895921,1058500,DE
2023-08-15,420.759765625,424.1907390731407,418.72264001295326,422.5629720457911,1576800,DE
2023-08-16,413.2155456542969,424.7170278605191,412.4942750341261,417.1728370088944,1870300,DE
2023-08-17,408.5564575195313,414.6581069887948,405.2522005207613,411.1101742731447,2149200,DE
2023-08-18,386.9765319824219,402.5035716790389,385.3780347051367,397.3961082912524,4230600,DE
2023-08-21,380.9041442871094,387.93174367671406,375.7382012099009,386.0018212786605,2549100,DE
2023-08-22,375.46527099609375,383.1459341003912,374.5295646026191,382.804782158796,1664400,DE
2023-08-23,384.305908203125,385.65100313935295,375.4263779071712,375.4263779071712,1582200,DE
2023-08-24,376.8591613769531,382.1810311341666,376.07938117268986,380.51429742501216,1379900,DE
2023-08-25,380.3387756347656,382.1224984368046,376.44972093660687,378.3796432112141,1099900,DE
2023-08-28,384.7054748535156,385.9823332226621,381.5766869963039,382.9705049495598,1247000,DE
2023-08-29,393.8774719238281,395.3590097140149,383.32142221382935,384.2279185728942,1875600,DE
2023-08-30,402.8154296875,405.0767474023762,393.2535972611257,393.6532289927213,1815500,DE
2023-08-31,400.5444030761719,406.7337723007593,400.290970809302,403.5757147489625,1515500,DE
2023-09-01,408.3030395507813,408.7903910016048,404.0923158767293,404.1800653139808,1249300,DE
2023-09-05,403.9461059570313,412.6404687032059,403.3905181785056,410.2524347576229,1474000,DE
2023-09-06,403.8096618652344,405.8955105472105,400.2520023254202,401.69454354129965,1002600,DE
2023-09-07,401.3144836425781,404.92086695583913,395.14459689136993,400.7588957843034,1028800,DE
2023-09-08,389.5497741699219,402.7277469938135,388.9649464664154,401.0902532204536,1837500,DE
2023-09-11,390.2417907714844,393.7799670165932,387.6393507162958,393.0976630963061,1428200,DE
2023-09-12,392.0840148925781,395.44672219449166,389.1988727679968,389.3061055592944,1127800,DE
2023-09-13,392.05474853515625,396.6065943087105,389.5692383539295,391.6746001356293,1104200,DE
2023-09-14,401.2656555175781,401.72376703933,394.8813638538157,396.0120227105984,1272400,DE
2023-09-15,401.684814453125,404.375004086963,398.6340192362373,401.3729321188615,1985000,DE
2023-09-18,400.4469299316406,403.13711941435326,397.2011824107964,400.5444061693104,969300,DE
2023-09-19,388.6043090820313,393.73125595358175,388.3313934545859,392.4056445162956,1957300,DE
2023-09-20,392.1522216796875,398.7997028849785,389.44254868997047,391.5674237107777,1289700,DE
2023-09-21,377.8338317871094,389.5984727274173,376.2743012584504,388.93568192004767,2209100,DE
2023-09-22,371.235107421875,373.85706073429935,368.0185995884431,372.0733674257031,2410500,DE
2023-09-25,374.666015625,375.46524929741975,368.7885293098873,369.4513498064644,1383600,DE
2023-09-26,370.0264892578125,372.2098143684117,367.6969349068357,368.4377186746064,1270400,DE
2023-09-27,374.6368103027344,376.5862161960667,370.65027882033854,372.11233324033776,1403900,DE
2023-09-28,376.3192138671875,380.6132261091208,374.627023614892,375.6051620577507,1309200,DE
2023-09-29,369.1298828125,378.520017642485,367.5061694484254,375.3410677680391,2124000,DE
2023-10-02,365.6672668457031,372.3088351390979,362.4491830550292,370.9003134128024,1989800,DE
2023-10-03,364.6304321289063,365.67704738264456,362.40027776743096,364.268525696406,1212200,DE
2023-10-04,368.7582092285156,370.3036549022392,362.0677455662075,364.2392141991826,1219000,DE
2023-10-05,367.4768676757813,370.5677890206394,365.0413122819053,367.496419700281,997200,DE
2023-10-06,370.2645263671875,373.53150511236936,364.1805041925178,365.2760144483374,1203400,DE
2023-10-09,374.568359375,375.50736397637394,369.2766265108182,370.1569451902574,831200,DE
2023-10-10,382.295654296875,383.3814035726635,377.6886302411919,377.8548970728016,1317400,DE
2023-10-11,380.8480224609375,383.9096009866195,378.91132718046623,382.823881493073,942500,DE
2023-10-12,373.9227294921875,382.4520971494867,369.59934482501126,381.278319182264,1375200,DE
2023-10-13,372.3382263183594,377.3854248494965,370.4797690319967,374.6270669574065,1074200,DE
2023-10-16,382.002197265625,383.9975782042447,375.66384938596593,376.5344069315768,1202600,DE
2023-10-17,382.5694885253906,386.6678908339932,379.5372534971297,380.3980200703563,899800,DE
2023-10-18,373.8738708496094,381.8554841913439,369.76567741548746,379.8698344795323,1495000,DE
2023-10-19,373.0326232910156,377.9233151134857,371.93711309884856,373.29673975369394,1348000,DE
2023-10-20,366.9486389160156,374.0499337190436,366.62586635697664,372.0741047672864,1468100,DE
2023-10-23,365.1097717285156,371.9078467013381,363.35892518794736,365.0510858025983,1308100,DE
2023-10-24,365.4031982421875,369.5798387954013,363.46647331038366,367.4670561017291,899100,DE
2023-10-25,363.7794799804688,367.7702717821717,362.9382653786287,364.102252539629,773900,DE
2023-10-26,361.4613342285156,366.6063227901052,361.3928573647586,362.88940817751165,1124900,DE
2023-10-27,353.2547302246094,361.8036814223592,350.95609866942914,360.93312378746174,1436400,DE
2023-10-30,359.75927734375,361.26561877825856,353.7633142633657,357.2454844415391,1277500,DE
2023-10-31,357.37261962890625,357.900822705483,351.53316223120936,354.0860890422378,1233200,DE
2023-11-01,362.3709411621094,364.2293981875168,353.4600846457255,356.9031509837424,1073000,DE
2023-11-02,365.3933715820313,370.1373487046862,363.7696582859053,367.2909624310933,1259300,DE
2023-11-03,373.844482421875,376.22135140448063,369.2276683009258,371.2034969853712,1172900,DE
2023-11-06,369.9808654785156,376.14312571948494,366.9682122130324,374.9009006449932,925900,DE
2023-11-07,361.1678161621094,364.3663478600421,355.07403298547456,358.87897586979204,1711400,DE
2023-11-08,361.29498291015625,364.9043160629028,361.0797912640429,362.6937136846853,1178000,DE
2023-11-09,361.5395202636719,365.9900680124875,359.7299582053805,365.4618649042995,1094900,DE
2023-11-10,365.8139953613281,366.3421984911053,360.9526459911038,364.2098637992431,1311800,DE
2023-11-13,361.6764831542969,365.4618741831858,359.1039742523819,364.7086884717317,1418100,DE
2023-11-14,366.76275634765625,370.1568976993671,362.4980873653229,365.5205313588568,2115800,DE
2023-11-15,372.5436096191406,373.65870184901536,365.2858385893922,368.719084462051,1515500,DE
2023-11-16,370.2840881347656,374.5292054129992,367.1931670599746,373.0424457196028,1736200,DE
2023-11-17,375.7518615722656,376.8865057018857,371.1252860299732,374.0401193668794,1342600,DE
2023-11-20,372.0153503417969,376.416972973832,371.14482272123183,374.1477146587418,2197300,DE
2023-11-21,374.28466796875,375.1160916125508,370.8024975115664,371.69260707371393,2163100,DE
2023-11-22,362.6546630859375,365.1782474437077,347.8847648179777,353.08846913603213,6304700,DE
2023-11-24,362.09710693359375,363.2708851166493,358.8203368687812,362.4198795162035,1275300,DE
2023-11-27,354.2915344238281,360.9428940720685,353.8807329738922,360.3070801726617,2322200,DE
2023-11-28,352.1494140625,355.895701255422,350.9169798436496,354.08613904986254,1904600,DE
2023-11-29,355.9837341308594,360.3070896581357,351.78751153639354,354.8099559707343,2263500,DE
2023-11-30,356.44342041015625,359.1137490069156,353.48945316771903,356.6586120536726,1950200,DE
2023-12-01,360.7472534179688,362.8013502131183,355.6218172923186,356.93251928435825,1764100,DE
2023-12-04,360.8646240234375,362.27314582954494,356.0717514181302,357.49006416121904,1405900,DE
2023-12-05,353.24493408203125,359.8962636003739,352.8829977812625,359.739757866359,1572700,DE
2023-12-06,357.5487365722656,361.79385385373104,354.5751873327926,355.0838085795063,3218300,DE
2023-12-07,353.3232116699219,357.36292869687634,352.305939209886,357.03036516868417,2753800,DE
2023-12-08,355.7196655273437,356.2087348104757,352.980859631553,353.8905213340776,2060200,DE
2023-12-11,353.1373291015625,357.9302016137336,353.0493002216936,356.52167983499686,2057900,DE
2023-12-12,351.533203125,353.46989821371994,347.8260499227309,353.059096767805,1832000,DE
2023-12-13,368.7679748535156,369.55047364845217,350.6821751901696,351.4940467940715,3406900,DE
2023-12-14,379.9285888671875,386.6874999818445,371.8296028641772,372.90553138924366,3576000,DE
2023-12-15,377.62994384765625,379.3416862498015,374.0890871975713,377.4929901272837,3891400,DE
2023-12-18,374.3922729492188,381.1218700864828,374.3237960953975,378.37327365099486,1404400,DE
2023-12-19,385.327880859375,385.5626245458896,374.9204729510986,376.4952914492485,2078500,DE
2023-12-20,378.79388427734375,386.7950491817569,378.461320805201,385.5430332305783,1592100,DE
2023-12-21,384.740966796875,384.8485775464815,380.5936694023293,382.393440532989,923300,DE
2023-12-22,388.1448974609375,389.0643499696276,384.5062213213429,384.7018310963396,1077300,DE
2023-12-26,392.4975891113281,394.5223427845239,388.0372803488888,388.174234054515,966100,DE
2023-12-27,392.8595275878906,393.749607277762,390.5706574269155,391.37273809184416,823500,DE
2023-12-28,391.9661865234375,393.7332915020024,391.0826040740829,393.5271362451867,1125200,DE
2023-12-29,392.5650024414063,393.42893102616665,390.49356318664366,392.18214270411073,1104000,DE
